0 -0.0046751 -0.010067 -0.0053917 -0.001771 -0.0046406 -0.011574 -0.010883 -0.010468 -0.0065016
1 -0.0048134 -0.010065 -0.0052518 -0.0015445 -0.0044147 -0.011522 -0.010802 -0.010342 -0.0064618
2 -0.0049204 -0.010001 -0.0050806 -0.0013123 -0.0041586 -0.011422 -0.0107 -0.010181 -0.0064112
3 -0.0049756 -0.0098578 -0.0048822 -0.0010837 -0.0038663 -0.01127 -0.010569 -0.009978 -0.0063372
4 -0.0049612 -0.0096224 -0.0046611 -0.00086601 -0.003532 -0.011062 -0.010401 -0.0097277 -0.0062296
5 -0.0048638 -0.0092843 -0.0044205 -0.00066235 -0.0031517 -0.010796 -0.01019 -0.0094264 -0.0060825
6 -0.0046759 -0.0088341 -0.0041582 -0.00047221 -0.0027229 -0.010469 -0.0099301 -0.0090717 -0.0058948
7 -0.0043983 -0.0082639 -0.0038655 -0.00029252 -0.0022475 -0.010082 -0.0096202 -0.0086636 -0.0056705
8 -0.0040333 -0.0075588 -0.0035256 -0.00011975 -0.0017305 -0.0096345 -0.0092561 -0.0081999 -0.0054142
9 -0.0035855 -0.0067001 -0.0031146 4.6341e-05 -0.0011807 -0.009126 -0.0088319 -0.007677 -0.0051297
10 -0.0030593 -0.0056633 -0.0026041 0.00020231 -0.00060939 -0.0085571 -0.0083369 -0.0070887 -0.0048172
11 -0.0024592 -0.0044244 -0.0019652 0.00034154 -3.0233e-05 -0.0079294 -0.0077582 -0.0064284 -0.0044725
12 -0.001793 -0.0029655 -0.0011724 0.00045726 0.00054222 -0.0072469 -0.0070841 -0.0056907 -0.0040882
13 -0.0010749 -0.0012826 -0.00020778 0.00054487 0.0010928 -0.0065172 -0.0063098 -0.0048751 -0.0036566
14 -0.00032721 0.00060974 0.00093695 0.00060637 0.0016064 -0.0057528 -0.0054412 -0.0039874 -0.0031721
15 0.00041885 0.0026777 0.0022588 0.00065166 0.0020691 -0.0049694 -0.0044962 -0.0030399 -0.0026348
16 0.0011273 0.0048716 0.0037442 0.00069828 0.0024692 -0.004184 -0.0035024 -0.0020508 -0.0020508
17 0.0017645 0.0071343 0.0053697 0.0007686 0.0027992 -0.003412 -0.0024912 -0.0010402 -0.0014318
18 0.0023056 0.0094101 0.0071045 0.00088546 0.0030573 -0.0026653 -0.0014911 -2.665e-05 -0.00079264
19 0.0027419 0.011654 0.0089122 0.001066 0.0032479 -0.0019482 -0.00052461 0.00097459 -0.00014866
20 0.0030779 0.013833 0.010755 0.0013173 0.0033808 -0.001265 0.00039874 0.0019538 0.00048745
21 0.0033389 0.015933 0.012594 0.0016345 0.003471 -0.00061235 0.0012737 0.0029059 0.0011087
22 0.0035549 0.017942 0.014387 0.001999 0.0035354 1.1968e-05 0.0021005 0.0038284 0.0017132
23 0.0037626 0.019862 0.016099 0.0023858 0.0035933 0.00060864 0.0028825 0.0047214 0.0023064
24 0.0039954 0.021689 0.017693 0.002766 0.0036626 0.0011808 0.0036193 0.005584 0.0028929
25 0.0042793 0.023421 0.019142 0.0031147 0.0037606 0.0017277 0.00431 0.0064157 0.0034774
26 0.004632 0.025059 0.020427 0.0034176 0.0039034 0.0022581 0.0049556 0.0072166 0.0040584
27 0.0050568 0.026603 0.021546 0.0036696 0.0041046 0.0027761 0.0055588 0.0079862 0.004623
28 0.0055463 0.028065 0.022519 0.0038806 0.0043757 0.003298 0.0061317 0.0087282 0.0051509
29 0.0060797 0.029465 0.023385 0.0040686 0.0047259 0.0038412 0.0066923 0.009449 0.0056169
30 0.0066318 0.030833 0.024202 0.0042561 0.0051614 0.0044262 0.0072648 0.010159 0.0059988
31 0.0071777 0.0322 0.025022 0.0044546 0.0056768 0.0050683 0.0078705 0.010864 0.0062804
32 0.0076933 0.033592 0.025899 0.0046693 0.0062558 0.0057736 0.0085265 0.011573 0.0064614
33 0.0081661 0.03502 0.026854 0.0048749 0.0068601 0.0065282 0.0092345 0.012281 0.0065532
34 0.008595 0.036476 0.027881 0.0050283 0.0074372 0.0073005 0.0099798 0.012976 0.0065824
35 0.0089896 0.037932 0.028943 0.0050668 0.0079183 0.0080414 0.010732 0.013636 0.0065802
36 0.0093601 0.039343 0.029983 0.0049134 0.008223 0.0086895 0.01145 0.014234 0.0065812
37 0.0097202 0.040659 0.030939 0.0044883 0.0082749 0.0091829 0.012087 0.014742 0.0066164
38 0.010079 0.041839 0.031759 0.0037219 0.0080053 0.0094697 0.012602 0.01514 0.006707
39 0.010443 0.042859 0.032416 0.0025578 0.00736 0.0095184 0.012972 0.015423 0.0068684
40 0.010811 0.043721 0.03291 0.00095838 0.0063064 0.0093175 0.01319 0.015598 0.0071059
41 0.011183 0.044448 0.033265 -0.0010897 0.004825 0.0088788 0.013268 0.015684 0.0074166
42 0.01156 0.045078 0.033518 -0.0035754 0.0029239 0.0082249 0.013233 0.01571 0.007796
43 0.011945 0.045652 0.033706 -0.0064625 0.00062542 0.0073898 0.01312 0.015709 0.0082342
44 0.012339 0.046202 0.033863 -0.0096776 -0.0020156 0.0064135 0.012964 0.015708 0.0087243
45 0.01274 0.046749 0.034009 -0.013117 -0.00492 0.0053388 0.012797 0.01573 0.0092579
46 0.01314 0.047299 0.034158 -0.016649 -0.0079819 0.004214 0.012647 0.015794 0.0098313
47 0.013528 0.047847 0.034319 -0.020126 -0.011073 0.0030893 0.012533 0.015907 0.010442
48 0.013887 0.048391 0.034504 -0.023397 -0.014056 0.002021 0.012476 0.016078 0.011091
49 0.014208 0.048934 0.034726 -0.026342 -0.016812 0.0010565 0.012487 0.016306 0.011781
50 0.01449 0.049491 0.035002 -0.028887 -0.019249 0.00022777 0.012576 0.016588 0.01252
51 0.014747 0.050088 0.035341 -0.031006 -0.021328 -0.00044591 0.012744 0.01692 0.013318
52 0.015007 0.050753 0.035746 -0.032728 -0.023047 -0.00097024 0.012984 0.017296 0.014192
53 0.015311 0.051511 0.036199 -0.034116 -0.024452 -0.0013652 0.013285 0.017709 0.015153
54 0.015708 0.052375 0.036667 -0.035257 -0.025604 -0.0016581 0.01363 0.018153 0.01621
55 0.016239 0.053339 0.037099 -0.036231 -0.02657 -0.0018829 0.014 0.01862 0.017362
56 0.016934 0.054379 0.037445 -0.037108 -0.027402 -0.0020628 0.014376 0.019103 0.018596
57 0.017808 0.055459 0.037651 -0.037933 -0.028139 -0.0022223 0.014738 0.019591 0.019885
58 0.018846 0.056532 0.037685 -0.038726 -0.028796 -0.0023739 0.015071 0.020071 0.021195
59 0.020019 0.057554 0.037536 -0.039486 -0.029371 -0.0025263 0.015361 0.020528 0.022485
60 0.021279 0.058492 0.037213 -0.040193 -0.029851 -0.0026809 0.0156 0.020948 0.023713
61 0.022572 0.059319 0.036748 -0.040815 -0.030215 -0.0028279 0.015787 0.021325 0.024839
62 0.023843 0.06002 0.036177 -0.041313 -0.030433 -0.0029499 0.01593 0.021659 0.025829
63 0.025048 0.060583 0.035535 -0.041645 -0.030471 -0.0030175 0.016046 0.021962 0.026654
64 0.026159 0.060997 0.034838 -0.041776 -0.030293 -0.0029913 0.016161 0.022254 0.027292
65 0.027167 0.061257 0.03409 -0.04168 -0.029864 -0.0028275 0.016305 0.022563 0.027734
66 0.028091 0.061369 0.033278 -0.041347 -0.029156 -0.0024816 0.016516 0.022923 0.027982
67 0.028965 0.061355 0.03239 -0.04078 -0.02815 -0.0019138 0.016828 0.023366 0.028051
68 0.029835 0.061255 0.03142 -0.039995 -0.026842 -0.0010963 0.017273 0.02392 0.027968
69 0.030747 0.061125 0.030378 -0.03902 -0.02525 -1.7743e-05 0.017877 0.024604 0.027776
70 0.031736 0.061016 0.02928 -0.037895 -0.023423 0.0013001 0.018641 0.025414 0.027521
71 0.032811 0.060963 0.028151 -0.036676 -0.021442 0.0028017 0.019542 0.026323 0.027259
72 0.033956 0.060976 0.02702 -0.03543 -0.01942 0.0043933 0.020528 0.027285 0.027042
73 0.035123 0.061032 0.025908 -0.034237 -0.017498 0.0059513 0.021526 0.028235 0.026922
74 0.036251 0.061089 0.024838 -0.033185 -0.015827 0.0073362 0.022442 0.0291 0.02694
75 0.037273 0.061104 0.023831 -0.032355 -0.014546 0.008412 0.023186 0.029812 0.027123
76 0.038127 0.061036 0.022909 -0.031813 -0.013764 0.0090705 0.02368 0.030316 0.027483
77 0.03877 0.060861 0.022092 -0.031601 -0.01354 0.0092453 0.02387 0.030578 0.028007
78 0.039181 0.060574 0.021393 -0.031725 -0.013879 0.0089226 0.023733 0.030581 0.028664
79 0.03936 0.060185 0.020825 -0.03216 -0.014733 0.008137 0.023278 0.030333 0.029407
80 0.039319 0.059705 0.020386 -0.032855 -0.016015 0.0069631 0.022542 0.029856 0.030186
81 0.039077 0.059154 0.020077 -0.033736 -0.017615 0.0054999 0.021578 0.029189 0.030949
82 0.038654 0.058544 0.01989 -0.034722 -0.019414 0.0038568 0.020457 0.028374 0.03165
83 0.038065 0.057875 0.019811 -0.035723 -0.021292 0.002139 0.019249 0.027463 0.032251
84 0.037323 0.057131 0.019808 -0.036657 -0.023143 0.00044101 0.018025 0.026503 0.032717
85 0.036443 0.056275 0.019832 -0.03745 -0.024873 -0.001163 0.016838 0.025533 0.033016
86 0.035442 0.055254 0.019811 -0.038046 -0.026402 -0.002618 0.015723 0.024579 0.033119
87 0.034337 0.053997 0.01966 -0.038402 -0.027669 -0.0038922 0.014693 0.023651 0.032995
88 0.03315 0.052444 0.019294 -0.038496 -0.028636 -0.0049721 0.013743 0.022745 0.032615
89 0.031896 0.050538 0.018642 -0.038316 -0.029276 -0.0058581 0.012854 0.021841 0.031959
90 0.030589 0.048267 0.017678 -0.037866 -0.029579 -0.0065613 0.012005 0.02092 0.03102
91 0.029227 0.045649 0.016422 -0.037156 -0.029554 -0.0070992 0.011175 0.019963 0.029805
92 0.027799 0.042738 0.014939 -0.036195 -0.029213 -0.0074861 0.010353 0.018959 0.028333
93 0.026277 0.039611 0.013334 -0.03499 -0.028575 -0.0077364 0.0095376 0.017902 0.026632
94 0.02462 0.036348 0.011727 -0.033554 -0.027665 -0.007864 0.0087273 0.016792 0.024729
95 0.022787 0.033013 0.010225 -0.031895 -0.026515 -0.0078851 0.0079209 0.015627 0.02265
96 0.020739 0.029644 0.0089044 -0.030036 -0.025167 -0.007826 0.0071068 0.014397 0.020423
97 0.018461 0.026254 0.0077927 -0.028016 -0.023674 -0.0077233 0.0062634 0.013091 0.018075
98 0.015965 0.022832 0.0068676 -0.025891 -0.022106 -0.0076256 0.0053601 0.011688 0.01564
99 0.013302 0.01937 0.0060675 -0.023737 -0.020541 -0.0075894 0.0043636 0.010175 0.013172
100 0.010557 0.015864 0.0053072 -0.021642 -0.019062 -0.0076718 0.0032445 0.0085463 0.010732
101 0.0078345 0.012335 0.0045003 -0.019698 -0.017753 -0.0079219 0.0019831 0.0068048 0.0083933
102 0.0052426 0.008819 0.0035764 -0.017984 -0.016678 -0.0083738 0.00057251 0.0049655 0.0062248
103 0.00287 0.0053638 0.0024938 -0.016553 -0.015879 -0.0090411 -0.00098165 0.003052 0.0042739
104 0.00076995 0.0020131 0.0012432 -0.015427 -0.015368 -0.0099156 -0.002662 0.0010907 0.0025615
105 -0.0010463 -0.0012005 -0.00015416 -0.014594 -0.015129 -0.01097 -0.0044432 -0.00089075 0.0010798
106 -0.0026051 -0.0042598 -0.0016547 -0.014012 -0.015123 -0.012164 -0.0062933 -0.0028644 -0.00020199
107 -0.0039547 -0.0071582 -0.0032035 -0.013622 -0.015295 -0.013447 -0.008177 -0.0048026 -0.0013244
108 -0.0051487 -0.0098919 -0.0047432 -0.013359 -0.015587 -0.014771 -0.010057 -0.0066769 -0.0023238
109 -0.006231 -0.012455 -0.0062241 -0.013164 -0.015945 -0.016088 -0.011895 -0.00846 -0.0032243
110 -0.0072236 -0.014832 -0.0076082 -0.01299 -0.016325 -0.017356 -0.013654 -0.010124 -0.0040357
111 -0.0081275 -0.017003 -0.0088754 -0.012809 -0.016694 -0.018545 -0.015299 -0.011649 -0.0047574
112 -0.0089343 -0.018948 -0.010014 -0.012606 -0.017034 -0.019632 -0.016803 -0.013019 -0.0053838
113 -0.0096315 -0.020657 -0.011026 -0.012382 -0.017335 -0.020605 -0.018147 -0.014228 -0.0059134
114 -0.010217 -0.022131 -0.011914 -0.012142 -0.017595 -0.021458 -0.019322 -0.015277 -0.006351
115 -0.010703 -0.02339 -0.012686 -0.011893 -0.017816 -0.022192 -0.020332 -0.016174 -0.006709
116 -0.011115 -0.024465 -0.01335 -0.011639 -0.018001 -0.022809 -0.021186 -0.016932 -0.0070046
117 -0.011481 -0.025397 -0.013916 -0.01138 -0.018147 -0.023313 -0.021899 -0.017563 -0.0072562
118 -0.011835 -0.026227 -0.014392 -0.011111 -0.018252 -0.023702 -0.022484 -0.018075 -0.0074799
119 -0.012194 -0.02699 -0.014796 -0.01083 -0.018313 -0.023978 -0.022957 -0.018481 -0.0076887
120 -0.012563 -0.02771 -0.015146 -0.010532 -0.018323 -0.02414 -0.023331 -0.018791 -0.0078891
121 -0.012934 -0.028397 -0.015463 -0.010215 -0.01828 -0.024194 -0.023619 -0.019017 -0.0080852
122 -0.013286 -0.029051 -0.015766 -0.0098806 -0.018183 -0.02415 -0.023832 -0.019178 -0.0082783
123 -0.013594 -0.029666 -0.016071 -0.0095277 -0.018035 -0.024024 -0.023988 -0.019293 -0.0084699
124 -0.013847 -0.030232 -0.016385 -0.0091564 -0.017839 -0.023836 -0.024102 -0.019385 -0.0086633
125 -0.014034 -0.030741 -0.016708 -0.0087654 -0.017603 -0.023607 -0.024189 -0.019472 -0.0088628
126 -0.014165 -0.031192 -0.017027 -0.0083551 -0.017331 -0.023355 -0.02426 -0.019568 -0.0090743
127 -0.014259 -0.031587 -0.017328 -0.0079261 -0.017032 -0.023093 -0.024319 -0.019682 -0.0093017
128 -0.014337 -0.03193 -0.017594 -0.0074843 -0.016713 -0.02283 -0.024364 -0.019812 -0.0095467
129 -0.014425 -0.032232 -0.017807 -0.0070377 -0.016384 -0.022568 -0.02439 -0.019954 -0.0098057
130 -0.014546 -0.032504 -0.017957 -0.0065981 -0.016052 -0.022306 -0.02439 -0.020101 -0.010075
131 -0.01471 -0.032751 -0.018041 -0.006175 -0.015725 -0.022044 -0.024358 -0.020247 -0.010344
132 -0.014927 -0.032987 -0.018059 -0.0057767 -0.015406 -0.021781 -0.024295 -0.020387 -0.010607
133 -0.015192 -0.033214 -0.018021 -0.005407 -0.015094 -0.021518 -0.024207 -0.020518 -0.010856
134 -0.015493 -0.033436 -0.017943 -0.0050688 -0.014788 -0.02126 -0.024102 -0.020641 -0.011091
135 -0.015813 -0.033655 -0.017842 -0.0047617 -0.014488 -0.021011 -0.023992 -0.020759 -0.011313
136 -0.016138 -0.033871 -0.017733 -0.0044855 -0.014194 -0.020778 -0.023885 -0.020874 -0.011529
137 -0.016455 -0.034086 -0.017631 -0.0042422 -0.01391 -0.020567 -0.023789 -0.020992 -0.011747
138 -0.016761 -0.034305 -0.017543 -0.0040331 -0.013645 -0.020382 -0.023708 -0.021118 -0.011977
139 -0.017065 -0.034534 -0.017469 -0.0038607 -0.013405 -0.020226 -0.023644 -0.021257 -0.012225
140 -0.017381 -0.034782 -0.017401 -0.0037247 -0.0132 -0.020099 -0.023599 -0.021414 -0.012495
141 -0.017723 -0.035053 -0.017329 -0.0036215 -0.013032 -0.019993 -0.023573 -0.021589 -0.012782
142 -0.018105 -0.035349 -0.017243 -0.0035469 -0.012899 -0.0199 -0.023567 -0.021782 -0.013077
143 -0.018527 -0.035664 -0.017137 -0.0034934 -0.012794 -0.019807 -0.023578 -0.021987 -0.013366
144 -0.018977 -0.035987 -0.01701 -0.0034518 -0.012705 -0.019701 -0.023602 -0.022193 -0.013634
145 -0.019434 -0.036301 -0.016867 -0.0034148 -0.012617 -0.019571 -0.023632 -0.02239 -0.013866
146 -0.019877 -0.036595 -0.016719 -0.0033729 -0.01252 -0.019411 -0.023662 -0.022567 -0.014054
147 -0.020282 -0.036856 -0.016574 -0.0033169 -0.012402 -0.019221 -0.023683 -0.022714 -0.014198
148 -0.020632 -0.037078 -0.016446 -0.0032397 -0.012261 -0.019004 -0.023691 -0.022827 -0.014305
149 -0.020919 -0.037262 -0.016343 -0.003136 -0.012096 -0.018767 -0.023679 -0.022904 -0.014384
150 -0.021141 -0.03741 -0.016269 -0.0029983 -0.011913 -0.018512 -0.023646 -0.022949 -0.014446
151 -0.021295 -0.037525 -0.01623 -0.002826 -0.011715 -0.018244 -0.023588 -0.022967 -0.014502
152 -0.021384 -0.037609 -0.016225 -0.0026152 -0.011509 -0.017965 -0.023505 -0.022965 -0.014557
153 -0.021415 -0.037664 -0.016249 -0.0023712 -0.011302 -0.017679 -0.023398 -0.022949 -0.014617
154 -0.021399 -0.037695 -0.016296 -0.0020999 -0.011097 -0.017393 -0.023272 -0.022928 -0.014689
155 -0.02136 -0.03771 -0.01635 -0.0018139 -0.010901 -0.017116 -0.023133 -0.022906 -0.014776
156 -0.021318 -0.037716 -0.016398 -0.001524 -0.010716 -0.016857 -0.022988 -0.022886 -0.01488
157 -0.021303 -0.037727 -0.016423 -0.0012447 -0.010547 -0.016629 -0.022844 -0.02287 -0.015004
158 -0.021339 -0.037751 -0.016412 -0.00098788 -0.010393 -0.01644 -0.022709 -0.022853 -0.015147
159 -0.021442 -0.037798 -0.016355 -0.00076564 -0.010256 -0.016298 -0.022585 -0.022832 -0.015307
160 -0.021617 -0.037867 -0.016251 -0.00058316 -0.010128 -0.016203 -0.022474 -0.022801 -0.015479
161 -0.021853 -0.037956 -0.016103 -0.00044414 -0.010005 -0.016155 -0.022374 -0.022756 -0.015658
162 -0.022133 -0.038056 -0.015923 -0.00034476 -0.0098737 -0.016142 -0.022282 -0.022695 -0.015841
163 -0.022431 -0.038158 -0.015727 -0.00027747 -0.0097167 -0.016148 -0.022189 -0.022618 -0.016026
164 -0.022725 -0.038257 -0.015532 -0.00022158 -0.0095085 -0.016144 -0.022087 -0.022527 -0.016217
165 -0.023003 -0.038356 -0.015354 -0.00014807 -0.0092117 -0.016085 -0.021959 -0.02242 -0.016421
166 -0.023251 -0.038468 -0.015217 -1.2212e-05 -0.0087732 -0.015908 -0.021783 -0.022295 -0.016656
167 -0.023471 -0.038622 -0.015151 0.0002482 -0.0081204 -0.015531 -0.021532 -0.022146 -0.016948
168 -0.023658 -0.038854 -0.015196 0.0007081 -0.0071532 -0.014845 -0.021167 -0.021963 -0.017333
169 -0.023806 -0.039209 -0.015403 0.0014615 -0.0057444 -0.013715 -0.020639 -0.021735 -0.017857
170 -0.023898 -0.039737 -0.015839 0.0026127 -0.0037404 -0.011982 -0.019892 -0.021451 -0.01858
171 -0.023912 -0.040486 -0.016575 0.004279 -0.00096356 -0.0094626 -0.018856 -0.021101 -0.01957
172 -0.023816 -0.041493 -0.017677 0.0065801 0.002782 -0.0059508 -0.017451 -0.020669 -0.020905
173 -0.023562 -0.042775 -0.019213 0.0096358 0.0077081 -0.0012231 -0.01558 -0.020136 -0.02267
174 -0.023093 -0.044319 -0.021226 0.013531 0.013993 0.0049281 -0.013141 -0.019464 -0.024939
175 -0.022318 -0.046068 -0.023751 0.018318 0.021797 0.012708 -0.01001 -0.018591 -0.027769
176 -0.02112 -0.047918 -0.026799 0.023994 0.031225 0.022298 -0.0060362 -0.017412 -0.031192
177 -0.019355 -0.049706 -0.030351 0.030485 0.0423 0.033828 -0.0010469 -0.015775 -0.035196
178 -0.016864 -0.051193 -0.034329 0.037634 0.054936 0.047358 0.0051514 -0.013474 -0.039717
179 -0.013494 -0.052053 -0.038558 0.045198 0.068902 0.062843 0.012766 -0.010252 -0.044625
180 -0.0091253 -0.051866 -0.042741 0.052841 0.083821 0.080105 0.021991 -0.0058253 -0.049726
181 -0.0036906 -0.050124 -0.046434 0.060162 0.099155 0.098832 0.032987 0.00010002 -0.054767
182 0.0028243 -0.046253 -0.049078 0.066707 0.11426 0.11857 0.045866 0.0078028 -0.05945
183 0.010386 -0.039675 -0.050061 0.071997 0.12846 0.13881 0.060684 0.017525 -0.063463
184 0.01895 -0.029874 -0.048824 0.075609 0.14109 0.15899 0.077436 0.029461 -0.066503
185 0.028482 -0.01649 -0.044972 0.077179 0.15158 0.1786 0.09607 0.04375 -0.068315
186 0.038987 0.0006231 -0.038364 0.076445 0.15954 0.19717 0.11648 0.060466 -0.068707
187 0.050494 0.021358 -0.029137 0.073263 0.16471 0.2143 0.1385 0.079619 -0.067568
188 0.063044 0.045382 -0.017662 0.067617 0.16699 0.22959 0.16189 0.10113 -0.064843
189 0.076651 0.072213 -0.0044379 0.05954 0.16631 0.24259 0.18633 0.12487 -0.060521
190 0.091272 0.10132 0.010046 0.049115 0.16257 0.25274 0.21139 0.15064 -0.054589
191 0.10681 0.13222 0.025415 0.036397 0.15563 0.2594 0.23663 0.17824 -0.047003
192 0.12312 0.1646 0.041483 0.021387 0.14521 0.26186 0.26156 0.20746 -0.037658
193 0.14006 0.1983 0.058245 0.0040037 0.13101 0.25942 0.28578 0.23821 -0.026371
194 0.15754 0.23341 0.075871 -0.015919 0.11268 0.25146 0.30898 0.27048 -0.012902
195 0.17552 0.27008 0.094565 -0.038556 0.089974 0.23759 0.33099 0.30441 0.0030216
196 0.19404 0.30867 0.11463 -0.064139 0.062671 0.21755 0.35178 0.34017 0.021685
197 0.21316 0.34948 0.13632 -0.09287 0.030652 0.19119 0.37137 0.37799 0.043363
198 0.2329 0.39286 0.15995 -0.12489 -0.0061322 0.15844 0.38977 0.41803 0.068282
199 0.25318 0.43898 0.1858 -0.16026 -0.047665 0.11929 0.40696 0.4603 0.096578
200 0.27378 0.48793 0.21415 -0.19885 -0.093848 0.07376 0.42278 0.50456 0.12826
201 0.29427 0.53952 0.24525 -0.24038 -0.14449 0.021948 0.43689 0.55026 0.16317
202 0.31408 0.59332 0.27925 -0.28433 -0.1992 -0.035914 0.44882 0.5966 0.20099
203 0.33247 0.64864 0.31617 -0.32998 -0.25739 -0.099401 0.45792 0.64238 0.24121
204 0.34864 0.70456 0.35592 -0.37636 -0.31818 -0.1678 0.46349 0.68631 0.28311
205 0.36177 0.75993 0.39817 -0.42231 -0.38043 -0.2401 0.46494 0.72695 0.32585
206 0.37112 0.81343 0.44232 -0.46651 -0.44274 -0.31494 0.46179 0.763 0.36848
207 0.37604 0.86352 0.48748 -0.50761 -0.50348 -0.39073 0.4539 0.79338 0.40995
208 0.37615 0.90853 0.53238 -0.54423 -0.56099 -0.46567 0.44142 0.81734 0.44918
209 0.37122 0.94658 0.57536 -0.57513 -0.61354 -0.53792 0.42477 0.83444 0.48515
210 0.36121 0.97573 0.61452 -0.59919 -0.65958 -0.60579 0.40447 0.84446 0.51686
211 0.34628 0.99409 0.64782 -0.61564 -0.69779 -0.66788 0.38104 0.84734 0.54352
212 0.32663 1 0.67337 -0.62394 -0.72716 -0.72318 0.35474 0.84292 0.5645
213 0.30254 0.99216 0.68962 -0.62387 -0.74704 -0.77114 0.32557 0.83094 0.57942
214 0.27432 0.96972 0.6954 -0.61545 -0.75708 -0.81154 0.29321 0.81088 0.58806
215 0.24236 0.93246 0.6901 -0.59889 -0.75725 -0.8443 0.25719 0.78219 0.59048
216 0.20719 0.88069 0.6735 -0.57463 -0.74778 -0.86974 0.21708 0.74439 0.58688
217 0.16946 0.81504 0.64558 -0.54315 -0.729 -0.88769 0.17254 0.69704 0.57752
218 0.13001 0.73656 0.60656 -0.50512 -0.70137 -0.89828 0.12343 0.63997 0.56276
219 0.089823 0.6468 0.55698 -0.46142 -0.66566 -0.90172 0.069839 0.57334 0.54297
220 0.050015 0.54795 0.49794 -0.41327 -0.62299 -0.8983 0.012114 0.49773 0.51873
221 0.011596 0.44298 0.43138 -0.36224 -0.57495 -0.88894 -0.049219 0.4142 0.4907
222 -0.024517 0.33549 0.36001 -0.3102 -0.52356 -0.87472 -0.1133 0.32433 0.4597
223 -0.057707 0.22952 0.28723 -0.25909 -0.47107 -0.85697 -0.17895 0.23028 0.42664
224 -0.087589 0.12907 0.21666 -0.2107 -0.41976 -0.83713 -0.24446 0.13476 0.39243
225 -0.11401 0.037613 0.15162 -0.16651 -0.37156 -0.81626 -0.30774 0.040932 0.35794
226 -0.13693 -0.042346 0.094586 -0.1275 -0.3279 -0.79504 -0.3664 -0.047896 0.32389
227 -0.15643 -0.10941 0.047015 -0.094137 -0.2895 -0.77374 -0.41803 -0.12854 0.29087
228 -0.17255 -0.16332 0.0092369 -0.06641 -0.25654 -0.75225 -0.46064 -0.19839 0.25936
229 -0.18541 -0.20474 -0.01933 -0.043993 -0.22874 -0.7304 -0.49295 -0.25573 0.22972
230 -0.1951 -0.23499 -0.039891 -0.026383 -0.20554 -0.70804 -0.5146 -0.29989 0.20222
231 -0.20184 -0.25577 -0.053936 -0.012951 -0.18629 -0.6852 -0.52611 -0.33124 0.17703
232 -0.20589 -0.26891 -0.063023 -0.0030612 -0.17035 -0.66201 -0.52871 -0.351 0.15421
233 -0.20759 -0.27622 -0.068629 0.003932 -0.15712 -0.63873 -0.52404 -0.36097 0.13374
234 -0.20734 -0.27939 -0.072056 0.0086518 -0.14608 -0.6156 -0.51385 -0.36313 0.11546
235 -0.2055 -0.27986 -0.074361 0.011676 -0.13681 -0.59282 -0.49976 -0.35947 0.09918
236 -0.20248 -0.27886 -0.076382 0.01354 -0.12892 -0.5705 -0.4832 -0.35177 0.084618
237 -0.19857 -0.27724 -0.078672 0.014691 -0.12216 -0.54865 -0.46523 -0.34151 0.071523
238 -0.19407 -0.27561 -0.08153 0.015445 -0.11639 -0.52727 -0.44661 -0.32979 0.059672
239 -0.18918 -0.27419 -0.085005 0.016019 -0.11161 -0.50631 -0.42784 -0.31736 0.048914
240 -0.18409 -0.27305 -0.088956 0.016516 -0.10788 -0.48579 -0.40926 -0.30472 0.039136
241 -0.17892 -0.27201 -0.093093 0.016979 -0.1053 -0.46568 -0.391 -0.29217 0.030283
242 -0.17379 -0.27085 -0.097058 0.01741 -0.1039 -0.44598 -0.37317 -0.27986 0.022317
243 -0.16874 -0.26921 -0.10047 0.017804 -0.10363 -0.42663 -0.35571 -0.26779 0.015211
244 -0.16379 -0.26678 -0.103 0.018184 -0.10427 -0.40755 -0.33855 -0.25588 0.0089482
245 -0.15888 -0.26325 -0.10437 0.018593 -0.10551 -0.38857 -0.32153 -0.24402 0.0034947
246 -0.15396 -0.25839 -0.10443 0.019103 -0.1069 -0.36947 -0.3045 -0.23204 -0.0012031
247 -0.1489 -0.252 -0.1031 0.019829 -0.10795 -0.35 -0.28728 -0.21978 -0.0051939
248 -0.14361 -0.24404 -0.10042 0.020894 -0.10813 -0.32994 -0.2697 -0.20712 -0.0085456
249 -0.13799 -0.23453 -0.096538 0.022402 -0.107 -0.30908 -0.25169 -0.19397 -0.01133
250 -0.13198 -0.22363 -0.091643 0.02442 -0.10421 -0.28736 -0.23322 -0.18034 -0.013621
251 -0.12553 -0.2115 -0.085973 0.026952 -0.099593 -0.26477 -0.2143 -0.16624 -0.015471
252 -0.11865 -0.19842 -0.07977 0.029913 -0.093175 -0.24148 -0.19507 -0.15182 -0.016929
253 -0.11138 -0.18462 -0.073243 0.033149 -0.085168 -0.21774 -0.17569 -0.13721 -0.01803
254 -0.10379 -0.17037 -0.066574 0.036473 -0.075916 -0.19384 -0.15639 -0.12259 -0.018796
255 -0.096009 -0.1559 -0.059896 0.039691 -0.065847 -0.1702 -0.13741 -0.10819 -0.019255
256 -0.088164 -0.14148 -0.053317 0.042649 -0.055385 -0.14714 -0.11901 -0.094201 -0.019432
257 -0.080431 -0.12735 -0.04692 0.045244 -0.044923 -0.12505 -0.10145 -0.080831 -0.019377
258 -0.072961 -0.11373 -0.040773 0.047435 -0.03476 -0.10417 -0.084919 -0.068244 -0.019139
259 -0.065904 -0.10084 -0.034934 0.04921 -0.025118 -0.084717 -0.069587 -0.056569 -0.018771
260 -0.059362 -0.088815 -0.029454 0.050575 -0.016146 -0.066822 -0.055543 -0.045885 -0.01832
261 -0.053389 -0.077753 -0.024364 0.051532 -0.0079385 -0.050535 -0.042813 -0.036212 -0.017819
262 -0.047988 -0.06767 -0.019682 0.052077 -0.00054294 -0.035835 -0.031356 -0.027518 -0.017285
263 -0.043109 -0.058515 -0.015406 0.052205 0.0060282 -0.022645 -0.021078 -0.019727 -0.016722
264 -0.038683 -0.050198 -0.011514 0.05192 0.0118 -0.010841 -0.011853 -0.012736 -0.016127
265 -0.03463 -0.042607 -0.0079771 0.051246 0.016823 -0.00027349 -0.0035414 -0.0064335 -0.015497
266 -0.030875 -0.035636 -0.0047603 0.050228 0.021168 0.0092105 0.0039919 -0.00071324 -0.014837
267 -0.027371 -0.029205 -0.0018344 0.048934 0.024917 0.017753 0.010857 0.0045097 -0.014157
268 -0.024087 -0.023268 0.0008188 0.047447 0.028141 0.025472 0.01714 0.009296 -0.013479
269 -0.02101 -0.017804 0.003206 0.045855 0.030907 0.032453 0.022895 0.013681 -0.012827
270 -0.01814 -0.012815 0.0053251 0.044242 0.033261 0.038758 0.028155 0.017688 -0.012224
271 -0.015474 -0.0083028 0.0071712 0.042687 0.035247 0.044431 0.032937 0.021324 -0.011689
272 -0.01301 -0.0042646 0.0087453 0.041245 0.036904 0.049514 0.03726 0.024601 -0.011229
273 -0.010739 -0.00068155 0.010058 0.039959 0.038272 0.054053 0.041143 0.027538 -0.010843
274 -0.008644 0.0024846 0.011129 0.03885 0.039398 0.058104 0.044624 0.030163 -0.010522
275 -0.0067007 0.0052902 0.011991 0.037917 0.040332 0.061734 0.04775 0.032518 -0.010252
276 -0.0048846 0.0077964 0.012681 0.037145 0.041122 0.065017 0.050579 0.034647 -0.010016
277 -0.0031748 0.010061 0.013236 0.036511 0.041808 0.068021 0.053166 0.036596 -0.0098004
278 -0.0015551 0.012137 0.013692 0.035981 0.042429 0.070813 0.055569 0.038411 -0.0095952
279 -1.9935e-05 0.014062 0.014082 0.035529 0.04301 0.073445 0.057831 0.04013 -0.0093952
280 0.0014293 0.015859 0.014429 0.03513 0.043569 0.075955 0.059987 0.041779 -0.0091986
281 0.0027883 0.01754 0.014752 0.034767 0.044118 0.07837 0.062058 0.04338 -0.0090073
282 0.0040546 0.019114 0.015059 0.034429 0.044664 0.080711 0.064061 0.044949 -0.0088246
283 0.0052309 0.02059 0.015359 0.034105 0.045208 0.082991 0.066011 0.046495 -0.0086544
284 0.006326 0.021978 0.015652 0.033789 0.045747 0.085219 0.067913 0.048023 -0.0084996
285 0.0073518 0.023288 0.015937 0.033476 0.046281 0.087398 0.069777 0.049537 -0.0083607
286 0.0083207 0.024538 0.016217 0.033157 0.046803 0.089532 0.071607 0.051038 -0.0082383
287 0.0092411 0.025734 0.016493 0.032834 0.047318 0.091621 0.073406 0.05252 -0.0081297
288 0.010118 0.026886 0.016768 0.032507 0.047827 0.093659 0.075174 0.05398 -0.0080331
289 0.010951 0.028 0.017048 0.032178 0.048336 0.095643 0.076908 0.05541 -0.0079467
290 0.011741 0.029077 0.017335 0.031851 0.048849 0.097571 0.078602 0.0568 -0.0078687
291 0.01249 0.030117 0.017627 0.03153 0.049369 0.099443 0.080254 0.058144 -0.0077977
292 0.013203 0.031123 0.01792 0.031213 0.049893 0.10124 0.08186 0.059434 -0.0077324
293 0.013891 0.032098 0.018206 0.030898 0.05042 0.10299 0.083421 0.060669 -0.0076692
294 0.014569 0.033046 0.018477 0.030583 0.050947 0.10468 0.084941 0.061856 -0.0076035
295 0.015251 0.033981 0.01873 0.030264 0.051477 0.10632 0.086429 0.063007 -0.0075286
296 0.015948 0.034914 0.018966 0.029942 0.052016 0.10791 0.087895 0.064135 -0.0074376
297 0.016666 0.035857 0.019191 0.029617 0.052571 0.10947 0.089347 0.065255 -0.0073242
298 0.017408 0.036824 0.019415 0.029297 0.053148 0.111 0.09079 0.066379 -0.007185
299 0.018175 0.037823 0.019648 0.028985 0.053749 0.11252 0.092224 0.067508 -0.0070205
300 0.018968 0.038859 0.019891 0.028687 0.05437 0.114 0.093648 0.068642 -0.0068346
301 0.019785 0.039927 0.020142 0.028405 0.054998 0.11548 0.095057 0.069776 -0.0066351
302 0.020627 0.041018 0.020391 0.02814 0.055623 0.11694 0.096452 0.070903 -0.0064325
303 0.021494 0.042118 0.020625 0.027894 0.056234 0.11838 0.097836 0.07202 -0.0062359
304 0.022375 0.043208 0.020833 0.027668 0.056822 0.11982 0.099217 0.073127 -0.0060535
305 0.02326 0.044268 0.021008 0.027465 0.057385 0.12124 0.10061 0.074228 -0.0058891
306 0.024129 0.04528 0.02115 0.027287 0.057923 0.12266 0.10201 0.075325 -0.0057429
307 0.024962 0.046227 0.021265 0.027135 0.058441 0.12407 0.10345 0.076428 -0.0056099
308 0.025738 0.047101 0.021363 0.027007 0.058944 0.12547 0.10492 0.077539 -0.0054821
309 0.026443 0.047896 0.021454 0.026896 0.059437 0.12686 0.1064 0.07866 -0.0053499
310 0.027065 0.048608 0.021543 0.026795 0.059924 0.12825 0.10793 0.079794 -0.0052061
311 0.027606 0.04924 0.021633 0.026692 0.060406 0.12964 0.10948 0.08094 -0.0050467
312 0.028076 0.0498 0.021725 0.026577 0.060882 0.13102 0.11105 0.082099 -0.0048722
313 0.028488 0.0503 0.021812 0.026446 0.061352 0.13239 0.11261 0.083272 -0.0046875
314 0.028862 0.050752 0.02189 0.026296 0.06181 0.13377 0.11418 0.084459 -0.0045
315 0.029214 0.051168 0.021954 0.026128 0.062256 0.13514 0.11575 0.08566 -0.0043188
316 0.029557 0.051563 0.022006 0.025947 0.062688 0.13651 0.11731 0.086876 -0.0041519
317 0.029902 0.051952 0.022051 0.025755 0.063104 0.13787 0.11885 0.088107 -0.004005
318 0.030252 0.052351 0.022099 0.025555 0.063504 0.13923 0.12038 0.089353 -0.0038808
319 0.030615 0.052781 0.022166 0.025346 0.063892 0.14057 0.1219 0.090613 -0.0037792
320 0.030997 0.053265 0.022269 0.025126 0.064266 0.14192 0.12341 0.091886 -0.0036962
321 0.031405 0.053822 0.022417 0.024894 0.064629 0.14326 0.12492 0.093174 -0.0036242
322 0.031842 0.054466 0.022623 0.024652 0.064981 0.1446 0.12644 0.094476 -0.0035543
323 0.03231 0.0552 0.022891 0.024401 0.065324 0.14593 0.12797 0.095791 -0.0034737
324 0.032804 0.056021 0.023217 0.024152 0.065664 0.14727 0.12951 0.097121 -0.0033696
325 0.033319 0.056913 0.023594 0.023912 0.066005 0.14862 0.13108 0.098471 -0.0032307
326 0.03385 0.05786 0.024009 0.023691 0.066352 0.14998 0.13266 0.099843 -0.0030487
327 0.034404 0.058851 0.024447 0.023491 0.066714 0.15138 0.13427 0.10125 -0.0028201
328 0.034992 0.059878 0.024887 0.023318 0.067093 0.15281 0.13591 0.10268 -0.0025448
329 0.035631 0.060945 0.025314 0.02317 0.067495 0.1543 0.13758 0.10417 -0.0022271
330 0.036341 0.06206 0.025718 0.023045 0.067922 0.15583 0.13928 0.1057 -0.0018727
331 0.037134 0.06323 0.026095 0.02294 0.068377 0.15742 0.14103 0.10728 -0.0014889
332 0.038006 0.06446 0.026454 0.022851 0.068863 0.15905 0.14281 0.10888 -0.0010857
333 0.038942 0.065745 0.026803 0.022778 0.069382 0.16074 0.14463 0.11052 -0.00067341
334 0.039911 0.067073 0.027161 0.022718 0.069935 0.16247 0.14647 0.11216 -0.00026483
335 0.04088 0.068423 0.027543 0.022667 0.070524 0.16425 0.14835 0.11382 0.00012726
336 0.041816 0.069778 0.027962 0.022622 0.071145 0.16607 0.15026 0.11547 0.00049087
337 0.042697 0.071118 0.028421 0.022575 0.071792 0.16793 0.15219 0.11712 0.00082039
338 0.04351 0.072428 0.028918 0.022518 0.072459 0.16981 0.15414 0.11875 0.0011155
339 0.044259 0.073704 0.029445 0.022443 0.073138 0.17172 0.15611 0.12039 0.0013825
340 0.044948 0.074941 0.029993 0.022344 0.073817 0.17366 0.1581 0.12204 0.0016328
341 0.045592 0.076141 0.030548 0.022218 0.074488 0.17562 0.16012 0.1237 0.0018812
342 0.046197 0.077299 0.031102 0.022064 0.075145 0.17761 0.16216 0.12536 0.0021382
343 0.046766 0.078415 0.031649 0.021886 0.075777 0.17962 0.16422 0.12704 0.002409
344 0.047305 0.079488 0.032183 0.021688 0.076382 0.18165 0.16632 0.12873 0.0026941
345 0.047817 0.080516 0.032698 0.021477 0.076959 0.1837 0.16843 0.13044 0.0029867
346 0.048318 0.081506 0.033188 0.021261 0.077514 0.18578 0.17056 0.13215 0.0032802
347 0.048822 0.082468 0.033645 0.021044 0.078058 0.18788 0.17272 0.13387 0.0035689
348 0.049353 0.083418 0.034065 0.020829 0.078604 0.19002 0.17488 0.1356 0.0038522
349 0.049933 0.084382 0.034448 0.020616 0.079166 0.1922 0.17708 0.13734 0.0041344
350 0.050581 0.085379 0.034797 0.020405 0.079757 0.19443 0.17933 0.13909 0.0044233
351 0.051304 0.086426 0.035122 0.020189 0.080382 0.19671 0.1816 0.14085 0.0047246
352 0.052106 0.087535 0.035428 0.019969 0.081049 0.19907 0.18391 0.14263 0.0050427
353 0.052979 0.088708 0.035729 0.019748 0.081756 0.20148 0.18628 0.14445 0.0053746
354 0.053909 0.089937 0.036029 0.019529 0.082505 0.20397 0.18869 0.1463 0.0057141
355 0.054877 0.091212 0.036335 0.019319 0.083294 0.20652 0.19116 0.14821 0.0060533
356 0.055862 0.092518 0.036656 0.019123 0.084121 0.20916 0.1937 0.1502 0.0063847
357 0.056846 0.093841 0.036995 0.018946 0.084986 0.21187 0.19629 0.15227 0.0067062
358 0.05782 0.095177 0.037357 0.01878 0.085889 0.21464 0.19896 0.15444 0.0070184
359 0.058774 0.096519 0.037746 0.01862 0.08683 0.21747 0.20169 0.15672 0.0073235
360 0.05971 0.097869 0.038159 0.018454 0.087806 0.22037 0.20452 0.15911 0.0076244
361 0.060634 0.099232 0.038597 0.01827 0.088816 0.22332 0.20743 0.16158 0.0079211
362 0.061551 0.10061 0.039058 0.018058 0.089856 0.22633 0.21044 0.16414 0.008212
363 0.062467 0.10201 0.039543 0.017811 0.090924 0.2294 0.21353 0.16676 0.0084958
364 0.063383 0.10344 0.040054 0.017529 0.092014 0.23253 0.2167 0.16943 0.0087725
365 0.064302 0.1049 0.040593 0.017212 0.093127 0.23572 0.21995 0.17215 0.0090472
366 0.065228 0.10639 0.041164 0.016863 0.09426 0.23896 0.22326 0.17492 0.0093281
367 0.066172 0.10794 0.041767 0.016487 0.095412 0.24225 0.22665 0.17774 0.0096246
368 0.06715 0.10954 0.042395 0.016089 0.096586 0.24561 0.23011 0.18064 0.0099463
369 0.068188 0.11123 0.043039 0.015674 0.097783 0.24902 0.23363 0.18359 0.010299
370 0.069309 0.113 0.043692 0.015246 0.099003 0.25248 0.23724 0.18662 0.010685
371 0.070534 0.11488 0.044343 0.014814 0.10025 0.256 0.24092 0.18973 0.0111
372 0.071873 0.11687 0.044993 0.014382 0.10151 0.25961 0.2447 0.19291 0.011542
373 0.073326 0.11897 0.045642 0.013959 0.10278 0.26329 0.24855 0.19617 0.012008
374 0.074879 0.12118 0.046298 0.013549 0.10406 0.26705 0.25251 0.19953 0.012499
375 0.076511 0.12348 0.046968 0.013153 0.10536 0.27091 0.25654 0.20296 0.013015
376 0.078197 0.12586 0.047659 0.01277 0.10667 0.27486 0.26067 0.20648 0.013559
377 0.079914 0.12829 0.048378 0.012395 0.10799 0.2789 0.26488 0.21008 0.01413
378 0.081651 0.13078 0.049127 0.012018 0.10933 0.28301 0.26917 0.21375 0.014729
379 0.083396 0.1333 0.049904 0.011629 0.1107 0.28722 0.27354 0.2175 0.015352
380 0.085153 0.13587 0.050714 0.011217 0.11209 0.29149 0.27797 0.22133 0.015998
381 0.086926 0.13848 0.051553 0.010773 0.11351 0.29585 0.28245 0.22521 0.016663
382 0.088724 0.14115 0.052424 0.010293 0.11497 0.30026 0.28698 0.22916 0.017347
383 0.090553 0.14388 0.053331 0.0097761 0.11643 0.30474 0.29155 0.23319 0.018046
384 0.092421 0.1467 0.054281 0.0092321 0.11793 0.30928 0.29615 0.2373 0.018764
385 0.094327 0.14961 0.055282 0.0086729 0.11944 0.3139 0.30083 0.24149 0.019499
386 0.096271 0.15262 0.056352 0.008113 0.12097 0.31858 0.30557 0.24579 0.020255
387 0.09825 0.15575 0.057504 0.0075641 0.12252 0.32331 0.3104 0.25019 0.021036
388 0.10026 0.15901 0.058754 0.0070311 0.12408 0.32809 0.31533 0.2547 0.021842
389 0.10229 0.1624 0.060106 0.0065126 0.12565 0.33289 0.32034 0.25931 0.022682
390 0.10434 0.1659 0.061561 0.0059989 0.12722 0.33772 0.32544 0.26401 0.023554
391 0.10642 0.16953 0.063107 0.0054749 0.12878 0.34255 0.3306 0.26878 0.024462
392 0.10854 0.17327 0.064727 0.0049249 0.13032 0.34738 0.33582 0.27362 0.025404
393 0.1107 0.1771 0.066397 0.0043358 0.13183 0.3522 0.34107 0.27852 0.026382
394 0.11293 0.18102 0.068093 0.0036974 0.13333 0.35701 0.34636 0.28347 0.027399
395 0.11524 0.18504 0.069798 0.0030034 0.13479 0.36182 0.35165 0.28847 0.028458
396 0.11763 0.18913 0.071498 0.0022477 0.13623 0.36662 0.35696 0.29354 0.029562
397 0.12011 0.19331 0.073195 0.0014299 0.13763 0.37142 0.36229 0.29866 0.030721
398 0.12267 0.19757 0.074897 0.0005491 0.139 0.37621 0.36764 0.30386 0.031937
399 0.12528 0.20189 0.076616 -0.00039835 0.14032 0.38099 0.37301 0.30913 0.033208
400 0.12789 0.20626 0.07837 -0.0014146 0.1416 0.38573 0.37838 0.31446 0.034525
401 0.13051 0.21068 0.080167 -0.0024868 0.14282 0.39044 0.38378 0.31983 0.035885
402 0.1331 0.21511 0.082015 -0.0036175 0.14397 0.39508 0.38919 0.32525 0.037265
403 0.13567 0.21957 0.083908 -0.0047859 0.14507 0.39967 0.39461 0.33069 0.038664
404 0.13821 0.22405 0.085835 -0.0059808 0.14611 0.40419 0.40002 0.33614 0.040077
405 0.14075 0.22854 0.087787 -0.007193 0.14709 0.40862 0.40542 0.34161 0.041499
406 0.14329 0.23305 0.089756 -0.0084077 0.14802 0.41299 0.41082 0.34709 0.042944
407 0.14584 0.23758 0.091739 -0.009621 0.14889 0.41728 0.41618 0.35256 0.044418
408 0.14839 0.24212 0.093736 -0.01083 0.1497 0.42149 0.42152 0.35802 0.045928
409 0.15094 0.2467 0.095755 -0.012026 0.15047 0.42563 0.42682 0.36347 0.047477
410 0.15349 0.25129 0.097801 -0.01321 0.1512 0.42968 0.43207 0.3689 0.049064
411 0.15601 0.25589 0.099877 -0.014376 0.15188 0.43364 0.43725 0.37429 0.050678
412 0.1585 0.26048 0.10198 -0.015519 0.15254 0.43751 0.44237 0.37964 0.052311
413 0.16095 0.26505 0.1041 -0.016641 0.15318 0.44126 0.44741 0.38493 0.053949
414 0.16334 0.26957 0.10624 -0.017742 0.15379 0.44492 0.45236 0.39016 0.055587
415 0.16568 0.27404 0.10836 -0.018826 0.15438 0.44845 0.45721 0.39532 0.057223
416 0.16797 0.27843 0.11046 -0.019899 0.15495 0.45187 0.46195 0.40038 0.058857
417 0.17021 0.28275 0.11254 -0.02096 0.1555 0.45517 0.46659 0.40537 0.060496
418 0.1724 0.28698 0.11459 -0.022012 0.15601 0.45836 0.47112 0.41027 0.062142
419 0.17452 0.29113 0.11661 -0.023049 0.1565 0.4614 0.47552 0.41508 0.063796
420 0.17658 0.29519 0.11861 -0.024065 0.15696 0.46431 0.47981 0.4198 0.065454
421 0.17856 0.29916 0.12061 -0.025053 0.15737 0.46708 0.48396 0.42443 0.067112
422 0.18046 0.30305 0.1226 -0.026007 0.15776 0.46969 0.48798 0.42897 0.068762
423 0.18228 0.30686 0.12458 -0.026926 0.1581 0.47213 0.49184 0.4334 0.070398
424 0.18402 0.31058 0.12656 -0.027811 0.15841 0.47441 0.49555 0.43771 0.072018
425 0.1857 0.31422 0.12852 -0.028664 0.15869 0.47653 0.4991 0.4419 0.073621
426 0.18731 0.31778 0.13047 -0.029493 0.15891 0.47849 0.5025 0.44595 0.075204
427 0.18885 0.32124 0.13239 -0.030297 0.15907 0.48028 0.50574 0.44986 0.076777
428 0.19028 0.32459 0.1343 -0.031097 0.15916 0.48188 0.50881 0.4536 0.078323
429 0.19164 0.32783 0.13619 -0.031879 0.15918 0.4833 0.51172 0.45717 0.079853
430 0.19289 0.33096 0.13807 -0.032661 0.15911 0.48449 0.51446 0.46055 0.081352
431 0.19403 0.33399 0.13996 -0.033445 0.15892 0.48546 0.51698 0.46374 0.082817
432 0.19506 0.33688 0.14182 -0.034232 0.15863 0.48619 0.5193 0.46672 0.084246
433 0.196 0.33968 0.14367 -0.03503 0.15821 0.48667 0.52137 0.46949 0.085642
434 0.19687 0.34236 0.14549 -0.03584 0.15766 0.48689 0.52319 0.47205 0.087009
435 0.19765 0.34492 0.14727 -0.036672 0.15699 0.48684 0.52476 0.47439 0.088347
436 0.19837 0.34735 0.14898 -0.037522 0.15619 0.48651 0.52606 0.47652 0.08966
437 0.19902 0.34967 0.15064 -0.038393 0.15528 0.4859 0.52711 0.47843 0.090952
438 0.1996 0.35185 0.15225 -0.039281 0.15427 0.485 0.52789 0.48012 0.092216
439 0.2001 0.35392 0.15382 -0.040176 0.15316 0.48379 0.5284 0.48159 0.09345
440 0.20051 0.35586 0.15535 -0.041061 0.15199 0.48229 0.52866 0.48283 0.094658
441 0.2008 0.35764 0.15684 -0.04193 0.15075 0.48049 0.52864 0.48383 0.09583
442 0.20099 0.35931 0.15833 -0.042774 0.14944 0.47837 0.52835 0.48457 0.096961
443 0.20104 0.36081 0.15978 -0.043577 0.14807 0.47595 0.52778 0.48502 0.09805
444 0.20096 0.36215 0.1612 -0.044335 0.14663 0.47321 0.52689 0.48519 0.099092
445 0.20075 0.36331 0.16256 -0.045036 0.1451 0.47017 0.5257 0.48503 0.10009
446 0.2004 0.36428 0.16388 -0.045672 0.1435 0.46682 0.52418 0.48455 0.10103
447 0.19992 0.36507 0.16515 -0.04624 0.1418 0.46318 0.52232 0.48373 0.10192
448 0.1993 0.36565 0.16635 -0.046725 0.14001 0.45923 0.52012 0.48256 0.10275
449 0.1985 0.366 0.1675 -0.047124 0.13814 0.45499 0.51756 0.48102 0.10351
450 0.19754 0.36611 0.16857 -0.047419 0.1362 0.45048 0.51466 0.47913 0.1042
451 0.1964 0.36597 0.16957 -0.047598 0.13419 0.44569 0.5114 0.47686 0.1048
452 0.19508 0.36554 0.17046 -0.047654 0.13214 0.44063 0.50777 0.47422 0.10529
453 0.1936 0.36482 0.17122 -0.047586 0.13003 0.4353 0.50376 0.47116 0.10565
454 0.19194 0.36375 0.17181 -0.047384 0.12789 0.4297 0.49937 0.46769 0.10587
455 0.19014 0.36232 0.17218 -0.047059 0.12573 0.42386 0.49457 0.46381 0.10593
456 0.18818 0.3605 0.17232 -0.046636 0.12354 0.41776 0.48937 0.4595 0.10582
457 0.18607 0.35829 0.17222 -0.046113 0.12135 0.41142 0.48376 0.45476 0.10554
458 0.1838 0.35565 0.17185 -0.045477 0.11918 0.40488 0.47776 0.44962 0.10509
459 0.18133 0.35259 0.17126 -0.044765 0.11703 0.39811 0.47137 0.44406 0.10447
460 0.17869 0.34914 0.17044 -0.043953 0.11492 0.39116 0.46461 0.43813 0.10369
461 0.17585 0.34528 0.16944 -0.043046 0.11287 0.38403 0.45751 0.43185 0.10275
462 0.1728 0.34105 0.16825 -0.042028 0.1109 0.37676 0.4501 0.42522 0.10167
463 0.16955 0.33646 0.16691 -0.04089 0.10901 0.36933 0.44238 0.41826 0.10043
464 0.16612 0.33154 0.16542 -0.039654 0.1072 0.36179 0.43439 0.41102 0.099042
465 0.16253 0.3263 0.16378 -0.038306 0.10548 0.35412 0.42614 0.40351 0.097507
466 0.1588 0.32078 0.16198 -0.036855 0.10385 0.34636 0.41769 0.39574 0.095831
467 0.15494 0.31496 0.16002 -0.035325 0.1023 0.33849 0.40905 0.38775 0.094016
468 0.15101 0.3089 0.15789 -0.033717 0.10081 0.33056 0.40027 0.37959 0.092088
469 0.14701 0.30261 0.1556 -0.032057 0.09937 0.32257 0.39134 0.37125 0.090055
470 0.14298 0.29613 0.15316 -0.030354 0.097965 0.31453 0.38232 0.36277 0.087938
471 0.13894 0.28951 0.15057 -0.028624 0.096579 0.30648 0.37323 0.35418 0.085756
472 0.1349 0.28275 0.14785 -0.026881 0.095192 0.29842 0.36408 0.3455 0.083523
473 0.13088 0.27588 0.145 -0.025135 0.093788 0.29036 0.35487 0.33675 0.08125
474 0.12686 0.2689 0.14205 -0.023398 0.092356 0.28233 0.34563 0.32795 0.078945
475 0.12287 0.26186 0.13898 -0.021671 0.090894 0.27435 0.33637 0.31914 0.076621
476 0.11891 0.25472 0.13582 -0.019964 0.089395 0.26642 0.32711 0.31032 0.074275
477 0.11498 0.24754 0.13256 -0.018281 0.087866 0.25858 0.31784 0.3015 0.071911
478 0.1111 0.24033 0.12923 -0.016622 0.086318 0.25081 0.30859 0.29272 0.069534
479 0.10728 0.23311 0.12583 -0.014987 0.084758 0.24313 0.2994 0.28398 0.067147
480 0.10354 0.22593 0.12239 -0.013377 0.083198 0.23557 0.29028 0.27527 0.064756
481 0.099868 0.21879 0.11892 -0.011794 0.081642 0.22812 0.28125 0.26663 0.062365
482 0.096286 0.21171 0.11543 -0.010244 0.080096 0.22077 0.27233 0.25804 0.059982
483 0.092785 0.20469 0.11191 -0.0087339 0.07856 0.21353 0.26354 0.24953 0.057611
484 0.089355 0.19773 0.10837 -0.0072768 0.077033 0.20639 0.25487 0.24107 0.055253
485 0.085983 0.19081 0.10482 -0.0058828 0.075518 0.19934 0.24633 0.23268 0.052907
486 0.082659 0.18393 0.10127 -0.0045545 0.074017 0.1924 0.23791 0.22437 0.050576
487 0.079381 0.17711 0.097727 -0.0032877 0.072537 0.18555 0.2296 0.21615 0.048261
488 0.076163 0.17038 0.094215 -0.002076 0.071085 0.1788 0.22143 0.20804 0.045971
489 0.073003 0.16376 0.090757 -0.00090491 0.069663 0.17219 0.21339 0.20004 0.043712
490 0.069923 0.15729 0.08737 0.00024006 0.068281 0.16571 0.20551 0.19222 0.041499
491 0.066927 0.15099 0.084067 0.0013673 0.066937 0.15938 0.19781 0.18456 0.039341
492 0.064032 0.14489 0.080856 0.0024872 0.065635 0.15324 0.1903 0.1771 0.037253
493 0.06123 0.13897 0.077736 0.0035918 0.064366 0.14727 0.183 0.16984 0.035233
494 0.058524 0.13323 0.074707 0.0046752 0.06313 0.14151 0.1759 0.1628 0.033284
495 0.055902 0.12766 0.071763 0.005721 0.061916 0.13594 0.16905 0.15598 0.031401
496 0.053355 0.12226 0.068902 0.006716 0.060718 0.13056 0.16239 0.14937 0.029576
497 0.050876 0.117 0.066122 0.0076463 0.059527 0.12535 0.15597 0.143 0.027804
498 0.048454 0.11188 0.063422 0.0085029 0.058333 0.12031 0.14977 0.13683 0.026083
499 0.046083 0.10688 0.060797 0.0092808 0.057129 0.11543 0.14379 0.13088 0.024414
500 0.043762 0.10201 0.058246 0.0099804 0.055911 0.11069 0.13802 0.12514 0.022797
501 0.041489 0.097254 0.055765 0.010605 0.054677 0.10609 0.13246 0.11959 0.021235
502 0.039267 0.09262 0.053353 0.011158 0.053429 0.10164 0.12711 0.11423 0.019729
503 0.037098 0.088111 0.051013 0.011648 0.052179 0.097329 0.12195 0.10907 0.018277
504 0.03499 0.083742 0.048752 0.012082 0.050936 0.09318 0.117 0.1041 0.016876
505 0.032954 0.079531 0.046576 0.012467 0.049717 0.089194 0.11224 0.099321 0.015525
506 0.031005 0.075493 0.044489 0.012816 0.048534 0.085375 0.10768 0.094742 0.014228
507 0.029157 0.071641 0.042484 0.013137 0.047393 0.08172 0.10331 0.090361 0.012987
508 0.02743 0.067978 0.040548 0.013443 0.046301 0.078227 0.099129 0.08618 0.011809
509 0.025836 0.064502 0.038666 0.01374 0.045254 0.074889 0.095133 0.082197 0.0107
510 0.024382 0.061205 0.036822 0.014031 0.044251 0.071702 0.091314 0.078413 0.0096649
511 0.023061 0.058073 0.035012 0.014312 0.04328 0.068662 0.087664 0.074824 0.0087038
512 0.021858 0.055092 0.033235 0.014575 0.042336 0.065769 0.084175 0.071423 0.0078128
513 0.020751 0.052253 0.031502 0.014808 0.041406 0.063015 0.080837 0.068204 0.0069883
514 0.019714 0.049546 0.029832 0.014999 0.04048 0.0604 0.077643 0.065153 0.0062243
515 0.018719 0.046964 0.028245 0.015138 0.039552 0.057914 0.074586 0.062259 0.0055137
516 0.017748 0.044504 0.026756 0.015222 0.038613 0.055551 0.071663 0.05951 0.0048537
517 0.016793 0.042165 0.025372 0.015253 0.037666 0.053304 0.068872 0.056899 0.004241
518 0.01585 0.039942 0.024092 0.015237 0.036715 0.051163 0.066213 0.054419 0.0036695
519 0.014925 0.037833 0.022908 0.015185 0.035768 0.04912 0.063689 0.052071 0.0031339
520 0.014029 0.035834 0.021806 0.015105 0.034836 0.047168 0.061293 0.049851 0.0026274
521 0.013169 0.033942 0.020774 0.015005 0.033928 0.045301 0.05902 0.04776 0.0021451
522 0.012353 0.032153 0.0198 0.014886 0.033051 0.04351 0.056854 0.045792 0.0016782
523 0.011582 0.030457 0.018875 0.014749 0.032206 0.041791 0.05478 0.04394 0.0012252
524 0.010849 0.028842 0.017992 0.014592 0.03139 0.040136 0.052778 0.042187 0.00078253
525 0.010151 0.027295 0.017144 0.014417 0.030596 0.038544 0.050834 0.040524 0.00035041
526 0.0094843 0.025804 0.016319 0.014228 0.02982 0.037009 0.048942 0.03894 -6.7744e-05
527 0.0088518 0.024361 0.01551 0.014036 0.029061 0.035535 0.047102 0.037431 -0.0004658
528 0.0082579 0.022967 0.014709 0.013855 0.028321 0.034122 0.045322 0.035994 -0.00083228
529 0.0077131 0.021629 0.013916 0.013699 0.027607 0.032773 0.043613 0.034634 -0.0011576
530 0.0072236 0.02036 0.013136 0.013579 0.02693 0.031491 0.04199 0.033351 -0.0014322
531 0.0067905 0.019171 0.01238 0.013503 0.026299 0.030279 0.040463 0.032143 -0.0016503
532 0.0064095 0.018072 0.011662 0.01347 0.025725 0.029137 0.039038 0.031007 -0.0018104
533 0.0060692 0.017065 0.010996 0.013475 0.02521 0.028063 0.037714 0.02993 -0.0019177
534 0.0057593 0.016151 0.010392 0.013514 0.024758 0.027057 0.036489 0.028903 -0.0019804
535 0.0054681 0.015322 0.0098538 0.013585 0.024368 0.026116 0.035353 0.027918 -0.0020078
536 0.0051925 0.014572 0.0093794 0.013686 0.024042 0.025241 0.034298 0.026971 -0.0020104
537 0.0049347 0.013893 0.0089587 0.013818 0.023779 0.024428 0.033312 0.026062 -0.0019978
538 0.0046999 0.013281 0.008581 0.013981 0.023578 0.023675 0.032391 0.025201 -0.0019784
539 0.004489 0.012724 0.0082349 0.01417 0.023435 0.022975 0.031528 0.024395 -0.0019615
540 0.0043043 0.012211 0.0079071 0.014376 0.023343 0.022316 0.030719 0.023652 -0.0019576
541 0.0041404 0.011728 0.0075879 0.014584 0.023291 0.021689 0.029959 0.022973 -0.0019758
542 0.0039912 0.011259 0.0072683 0.014777 0.023265 0.021084 0.029244 0.022357 -0.0020275
543 0.0038513 0.01079 0.0069386 0.014942 0.023252 0.020494 0.028572 0.021794 -0.0021187
544 0.0037219 0.010316 0.0065937 0.015073 0.023244 0.019919 0.02794 0.021275 -0.0022494
545 0.0036081 0.0098368 0.0062286 0.015169 0.023231 0.019366 0.027346 0.020787 -0.002414
546 0.0035153 0.0093608 0.0058456 0.015237 0.02321 0.018843 0.026788 0.020323 -0.0025991
547 0.0034479 0.0088953 0.0054474 0.015286 0.023174 0.018358 0.026264 0.019877 -0.0027889
548 0.0034055 0.0084498 0.0050443 0.015324 0.023121 0.017919 0.025773 0.019448 -0.0029644
549 0.0033773 0.0080258 0.0046485 0.015359 0.023048 0.017524 0.025314 0.019042 -0.0031122
550 0.0033455 0.0076197 0.0042741 0.015393 0.022948 0.017169 0.02488 0.018661 -0.0032261
551 0.0032917 0.007226 0.0039343 0.015426 0.022821 0.016844 0.024471 0.018309 -0.0033076
552 0.003199 0.0068391 0.0036401 0.015453 0.022664 0.01654 0.024079 0.017985 -0.0033606
553 0.0030539 0.0064532 0.0033993 0.01547 0.022479 0.016248 0.023696 0.017685 -0.0033966
554 0.0028567 0.0060694 0.0032128 0.01547 0.02227 0.015966 0.023318 0.0174 -0.0034221
555 0.0026135 0.0056935 0.00308 0.015453 0.022042 0.015694 0.022937 0.017124 -0.0034401
556 0.0023379 0.0053355 0.0029976 0.015417 0.021797 0.015439 0.022549 0.016853 -0.0034481
557 0.0020447 0.0050046 0.00296 0.015367 0.021544 0.015209 0.022159 0.016584 -0.0034425
558 0.0017493 0.0047134 0.0029642 0.015311 0.021286 0.015013 0.02177 0.01632 -0.0034213
559 0.0014685 0.0044734 0.0030049 0.015254 0.021029 0.014855 0.021396 0.016068 -0.0033855
560 0.0012097 0.0042918 0.0030821 0.015201 0.020776 0.014738 0.021047 0.015835 -0.003341
561 0.00098005 0.0041718 0.0031917 0.015155 0.020532 0.014657 0.020733 0.015629 -0.0033027
562 0.00078175 0.0041152 0.0033334 0.015112 0.0203 0.014603 0.020459 0.015455 -0.0032803
563 0.00061162 0.0041159 0.0035043 0.015067 0.020081 0.014568 0.020223 0.01532 -0.0032844
564 0.00046644 0.0041628 0.0036963 0.015015 0.01988 0.014542 0.02002 0.015225 -0.0033153
565 0.00033817 0.0042419 0.0039037 0.01495 0.019701 0.014521 0.019841 0.015175 -0.0033678
566 0.00022023 0.0043371 0.0041169 0.014871 0.019546 0.014502 0.01968 0.015169 -0.003427
567 0.00010458 0.0044321 0.0043275 0.014783 0.019422 0.014489 0.019531 0.015206 -0.0034814
568 -1.4716e-05 0.0045139 0.0045286 0.014689 0.019329 0.014485 0.019394 0.015282 -0.0035189
569 -0.00014059 0.0045759 0.0047165 0.014598 0.019267 0.014499 0.01927 0.015389 -0.0035346
570 -0.00027137 0.004619 0.0048904 0.014516 0.019229 0.014536 0.019164 0.015517 -0.0035289
571 -0.0004011 0.0046498 0.0050509 0.014447 0.01921 0.014602 0.019078 0.015654 -0.0035053
572 -0.00051967 0.0046789 0.0051986 0.014394 0.019203 0.014704 0.019014 0.015789 -0.0034687
573 -0.00061475 0.0047178 0.0053326 0.014358 0.019206 0.014847 0.018975 0.015915 -0.0034186
574 -0.00067216 0.0047764 0.0054485 0.01434 0.019219 0.015037 0.01896 0.016027 -0.0033532
575 -0.00067738 0.0048648 0.0055422 0.014339 0.019249 0.01528 0.018974 0.016128 -0.0032682
576 -0.00061788 0.00499 0.0056079 0.014355 0.019303 0.015577 0.019019 0.016225 -0.0031618
577 -0.00048533 0.0051584 0.0056437 0.014385 0.01939 0.015925 0.019099 0.016329 -0.0030356
578 -0.00027554 0.005376 0.0056515 0.014429 0.019512 0.016313 0.019214 0.016451 -0.0028963
579 4.1749e-06 0.0056452 0.005641 0.014483 0.01967 0.016725 0.019362 0.0166 -0.0027525
580 0.00034234 0.0059665 0.0056242 0.014544 0.019855 0.017137 0.019536 0.016782 -0.0026144
581 0.00071912 0.0063349 0.0056157 0.014608 0.020054 0.017527 0.019724 0.016996 -0.0024922
582 0.0011084 0.0067401 0.0056317 0.01467 0.020253 0.017875 0.019916 0.017236 -0.0023876
583 0.0014894 0.0071677 0.0056783 0.014722 0.020437 0.01817 0.020102 0.017495 -0.0023033
584 0.0018411 0.0076018 0.0057607 0.014761 0.020596 0.018411 0.020278 0.017765 -0.0022334
585 0.0021507 0.0080232 0.0058725 0.014779 0.020727 0.018606 0.020446 0.018039 -0.0021722
586 0.0024111 0.0084179 0.0060068 0.014777 0.020833 0.018772 0.020618 0.018318 -0.002113
587 0.002618 0.0087727 0.0061547 0.014755 0.020923 0.018929 0.020805 0.0186 -0.0020529
588 0.0027721 0.0090818 0.0063097 0.014721 0.021004 0.019096 0.021021 0.018887 -0.0019891
589 0.0028758 0.0093448 0.006469 0.014683 0.021087 0.019289 0.021275 0.01918 -0.0019214
590 0.0029345 0.0095662 0.0066317 0.01465 0.02118 0.019519 0.021568 0.019474 -0.0018514
591 0.0029553 0.0097519 0.0067966 0.014627 0.021284 0.01979 0.021893 0.019766 -0.0017833
592 0.0029515 0.0099116 0.0069601 0.014614 0.021402 0.0201 0.022236 0.020049 -0.0017204
593 0.0029391 0.010054 0.0071148 0.01461 0.021536 0.020447 0.022588 0.020321 -0.0016664
594 0.0029339 0.010186 0.0072524 0.014607 0.021686 0.020826 0.022938 0.020583 -0.0016253
595 0.0029496 0.010314 0.0073643 0.014597 0.021854 0.02123 0.023285 0.020839 -0.0016
596 0.0029903 0.01044 0.0074492 0.014574 0.022041 0.021651 0.023632 0.021099 -0.0015917
597 0.0030581 0.010565 0.0075068 0.014529 0.022243 0.022079 0.023982 0.021366 -0.001604
598 0.0031416 0.010689 0.0075469 0.01446 0.022452 0.022503 0.024335 0.021645 -0.0016375
599 0.0032241 0.010806 0.0075819 0.014361 0.022659 0.022908 0.024686 0.021931 -0.0016968
