# time E1 E2 E3 W1 W2 W3 W4 W5 W6
0 0 0 0 0 0 0 0 0 0
1 0 0 0 0 0 0 0 0 0
2 0 0 0 0 0 0 0 0 0
3 0 0 0 0 0 0 0 0 0
4 0 0 0 0 0 0 0 0 0
5 0 0 0 0 0 0 0 0 0
6 0 0 0 0 0 0 0 0 0
7 0.0055969 0.0084778 0.0028809 0.0021624 0.0035189 0.004472 0.0041883 0.0038821 0.0024862
8 0.013302 0.023176 0.0098743 0.0077368 0.0085555 0.011898 0.011515 0.010671 0.0063086
9 0.01704 0.030529 0.013488 0.0099458 0.010246 0.015441 0.015119 0.014052 0.0084066
10 0.015084 0.029004 0.013921 0.0099343 0.0088672 0.014682 0.014634 0.013586 0.0078101
11 0.01375 0.02761 0.01386 0.010082 0.00829 0.013936 0.013897 0.012887 0.0072963
12 0.013538 0.026616 0.013077 0.0088041 0.0084008 0.013355 0.013223 0.012256 0.0070284
13 0.017727 0.030715 0.012989 0.0094166 0.011247 0.015343 0.014925 0.013938 0.0085606
14 0.019349 0.031951 0.012601 0.011488 0.013782 0.01662 0.015881 0.014807 0.0090497
15 0.021847 0.032468 0.01062 0.011852 0.017034 0.017632 0.016426 0.015323 0.0095266
16 0.025851 0.033812 0.007961 0.01023 0.0207 0.018918 0.01726 0.016191 0.010469
17 0.029136 0.033223 0.0040875 0.0094953 0.024767 0.019641 0.017336 0.016299 0.010876
18 0.031391 0.032925 0.0015335 0.0091232 0.027459 0.01998 0.017321 0.016332 0.011159
19 0.035053 0.033221 -0.0018318 0.011282 0.032581 0.021115 0.017603 0.016591 0.011628
20 0.039924 0.034355 -0.0055692 0.012564 0.038363 0.022767 0.018356 0.017296 0.012441
21 0.040081 0.034857 -0.0052238 0.017206 0.038893 0.023087 0.018864 0.017815 0.012681
22 0.036154 0.035957 -0.00019742 0.020771 0.035706 0.023142 0.019622 0.018442 0.012313
23 0.029031 0.035393 0.0063616 0.023535 0.028668 0.021316 0.018947 0.017703 0.011089
24 0.025783 0.035318 0.0095347 0.024346 0.025509 0.020719 0.018749 0.01742 0.010597
25 0.023081 0.035293 0.012213 0.022867 0.021639 0.01951 0.01829 0.017019 0.01024
26 0.02147 0.035008 0.013538 0.024702 0.021025 0.019373 0.017956 0.016591 0.0099984
27 0.021329 0.036473 0.015144 0.026273 0.021249 0.019934 0.018504 0.017087 0.010227
28 0.023245 0.039818 0.016573 0.020839 0.021483 0.021251 0.019929 0.018478 0.011275
29 0.024663 0.041595 0.016931 0.022621 0.022964 0.022485 0.021118 0.019621 0.012144
30 0.027392 0.045633 0.018241 0.021262 0.024005 0.024129 0.022931 0.021406 0.013564
31 0.029628 0.051579 0.021951 0.016132 0.02167 0.025987 0.025746 0.024258 0.015712
32 0.032131 0.054804 0.022673 0.0060393 0.017779 0.02597 0.026943 0.025766 0.017607
33 0.03159 0.05515 0.02356 0.0054991 0.015869 0.025985 0.027529 0.026382 0.018169
34 0.031942 0.056204 0.024262 0.0027461 0.016002 0.026438 0.027896 0.026693 0.018607
35 0.032291 0.057558 0.025267 0.0043409 0.016135 0.026715 0.028474 0.027347 0.019306
36 0.031912 0.057527 0.025615 0.0070549 0.017755 0.026572 0.028578 0.027646 0.019357
37 0.0325 0.057527 0.025027 0.01053 0.021693 0.026741 0.028773 0.028072 0.019643
38 0.029907 0.05288 0.022973 0.015422 0.022378 0.025155 0.02721 0.026671 0.018792
39 0.031633 0.052303 0.020671 0.0097744 0.022612 0.02471 0.026797 0.026535 0.019606
40 0.032139 0.051584 0.019444 0.00092343 0.019618 0.023836 0.0268 0.026835 0.020502
41 0.031015 0.04957 0.018555 0.0045767 0.018496 0.022658 0.026048 0.026317 0.020542
42 0.031158 0.048618 0.01746 -0.0024475 0.016942 0.021387 0.025439 0.026025 0.021105
43 0.033803 0.049177 0.015373 -0.0084487 0.013505 0.019541 0.025167 0.026415 0.022969
44 0.034131 0.04858 0.01445 -0.011577 0.0097475 0.016836 0.024414 0.026327 0.024083
45 0.034522 0.048244 0.013722 -0.016373 0.0053687 0.014843 0.023788 0.026135 0.024923
46 0.035484 0.049618 0.014134 -0.033944 -0.0035262 0.011988 0.023424 0.026494 0.026379
47 0.035004 0.048075 0.013071 -0.043726 -0.0087129 0.0099082 0.022506 0.025973 0.026704
48 0.036133 0.046914 0.010781 -0.059818 -0.017242 0.0061033 0.02082 0.025117 0.027699
49 0.0371 0.045489 0.0083893 -0.074151 -0.027009 0.0026609 0.019766 0.024796 0.028556
50 0.035923 0.042848 0.0069251 -0.091606 -0.045647 -0.0035145 0.017653 0.023699 0.028879
51 0.036402 0.042874 0.0064721 -0.11883 -0.067349 -0.0090314 0.016254 0.023225 0.030023
52 0.035218 0.04052 0.0053018 -0.1129 -0.066538 -0.010393 0.015095 0.022576 0.030161
53 0.03542 0.038656 0.003236 -0.11359 -0.067859 -0.011897 0.014324 0.022113 0.03055
54 0.036366 0.039228 0.0028623 -0.11556 -0.06891 -0.012286 0.014744 0.022829 0.031376
55 0.033869 0.036941 0.0030727 -0.11444 -0.07081 -0.013759 0.013852 0.022084 0.030836
56 0.034338 0.03623 0.0018913 -0.12212 -0.073033 -0.015365 0.013011 0.021598 0.031081
57 0.032257 0.03349 0.0012334 -0.12192 -0.073013 -0.016479 0.011747 0.020404 0.029746
58 0.030283 0.031801 0.0015175 -0.12056 -0.072336 -0.017418 0.01041 0.019008 0.028427
59 0.028244 0.030919 0.0026754 -0.11811 -0.072152 -0.017759 0.0093336 0.017667 0.026981
60 0.025696 0.030185 0.0044893 -0.11537 -0.070201 -0.016869 0.0094447 0.017413 0.025375
61 0.024237 0.030684 0.0064467 -0.11426 -0.069402 -0.016449 0.0091576 0.016781 0.024174
62 0.023669 0.032255 0.0085861 -0.11261 -0.067939 -0.016092 0.0084327 0.015725 0.023234
63 0.020991 0.031092 0.010102 -0.11072 -0.067266 -0.016503 0.0071299 0.014146 0.021624
64 0.020298 0.032735 0.012437 -0.10729 -0.065824 -0.016102 0.006444 0.01313 0.020664
65 0.015531 0.030833 0.015302 -0.10371 -0.067178 -0.018149 0.0036985 0.010185 0.018588
66 0.011299 0.025462 0.014163 -0.10053 -0.06723 -0.024339 -0.0042473 0.0023777 0.015439
67 0.021356 0.038656 0.017299 -0.094516 -0.059286 -0.020651 -0.0024245 0.0037666 0.018894
68 0.032257 0.051767 0.01951 -0.08861 -0.05184 -0.015048 0.0027534 0.0086282 0.023033
69 0.029726 0.052384 0.022659 -0.082884 -0.048407 -0.013621 0.003544 0.0089888 0.022172
70 0.027333 0.050931 0.023598 -0.081853 -0.047982 -0.013831 0.00306 0.0083179 0.021286
71 0.021312 0.051052 0.02974 -0.074811 -0.045444 -0.013124 0.0034215 0.0083019 0.019217
72 0.017564 0.052285 0.03472 -0.067453 -0.042136 -0.01148 0.0040316 0.0083185 0.017489
73 0.017311 0.053784 0.036473 -0.064896 -0.040657 -0.010805 0.0046376 0.0088087 0.017119
74 0.014538 0.052353 0.037815 -0.061072 -0.039288 -0.01077 0.0044067 0.0085091 0.016125
75 0.012477 0.051426 0.03895 -0.057174 -0.037905 -0.010596 0.0042591 0.0082768 0.015286
76 0.013115 0.051519 0.038404 -0.05582 -0.036848 -0.010381 0.0043336 0.0084088 0.015163
77 0.016141 0.054943 0.038803 -0.051805 -0.033309 -0.0079491 0.0065065 0.010475 0.01582
78 0.017492 0.057165 0.039673 -0.04972 -0.030726 -0.0057823 0.008515 0.012362 0.016289
79 0.013089 0.0552 0.042111 -0.045478 -0.028193 -0.0041359 0.0097261 0.013113 0.014614
80 0.015349 0.055011 0.039662 -0.040419 -0.023454 -0.00071863 0.012405 0.015478 0.015028
81 0.017879 0.053777 0.035898 -0.033965 -0.01839 0.0023636 0.014353 0.016939 0.015215
82 0.01762 0.049535 0.031914 -0.028049 -0.014339 0.0040709 0.014559 0.016637 0.01416
83 0.016784 0.043187 0.026403 -0.024333 -0.013565 0.0021282 0.01185 0.014069 0.013402
84 0.014745 0.03691 0.022165 -0.023185 -0.013946 -0.00025848 0.0086516 0.010883 0.012087
85 0.01071 0.029948 0.019237 -0.018878 -0.012014 -0.00084347 0.0064968 0.0082526 0.0093628
86 0.010882 0.02553 0.014648 -0.018733 -0.011953 -0.0024439 0.0044507 0.0064614 0.0093057
87 0.010462 0.022463 0.012001 -0.017829 -0.011054 -0.0026581 0.0037482 0.0057478 0.0089517
88 0.011361 0.020318 0.0089575 -0.017329 -0.0096761 -0.0016838 0.0046802 0.00672 0.0093217
89 0.013073 0.020049 0.0069759 -0.016104 -0.0077576 3.7235e-05 0.0062877 0.0082328 0.0096104
90 0.012768 0.019601 0.0068331 -0.014288 -0.0050166 0.0027522 0.0087314 0.010359 0.0091634
91 0.013355 0.019323 0.0059675 -0.012303 -0.0022794 0.0056594 0.01145 0.012771 0.0090985
92 0.013448 0.019781 0.0063336 -0.010295 -0.00033217 0.0078237 0.01328 0.014265 0.0087508
93 0.013376 0.020246 0.0068694 -0.010073 -0.0001765 0.008045 0.01337 0.014297 0.0087277
94 0.013974 0.020549 0.0065758 -0.010521 -0.00023263 0.0083684 0.013691 0.014592 0.0091234
95 0.014693 0.020827 0.0061339 -0.010575 -0.00022667 0.0086385 0.014127 0.015076 0.0093935
96 0.013658 0.019766 0.006108 -0.0099129 -0.00083881 0.0082347 0.013879 0.014767 0.008913
97 0.012534 0.018503 0.0059695 -0.0095803 -0.0013943 0.007441 0.012961 0.013855 0.0082826
98 0.011915 0.017188 0.0052735 -0.008979 -0.0016918 0.0068406 0.012197 0.01308 0.0079347
99 0.010955 0.015813 0.0048576 -0.0081146 -0.0018485 0.0063622 0.011348 0.012114 0.0073085
100 0.010023 0.015092 0.0050695 -0.0075231 -0.0020002 0.0060553 0.010821 0.01153 0.0068716
101 0.0090941 0.014661 0.0055669 -0.0078865 -0.002932 0.0049956 0.0096971 0.010424 0.0062933
102 0.008585 0.014674 0.0060888 -0.0079643 -0.0029858 0.0046961 0.0091117 0.0097373 0.0057388
103 0.0083849 0.014519 0.006134 -0.0076435 -0.0025689 0.0049572 0.009012 0.0095355 0.0054343
104 0.0086748 0.01445 0.0057752 -0.0077504 -0.0023943 0.0050999 0.0090544 0.0095384 0.0058165
105 0.0091603 0.014532 0.0053716 -0.0074219 -0.0019223 0.0054215 0.0092399 0.009649 0.0058807
106 0.0089805 0.014071 0.0050906 -0.0066282 -0.0013796 0.005493 0.0088627 0.0091505 0.0057739
107 0.0076711 0.012395 0.0047242 -0.0055254 -0.00092962 0.0049794 0.0078156 0.0080093 0.0048525
108 0.0051901 0.0089313 0.0037413 -0.0047748 -0.0018138 0.0021785 0.0043449 0.004715 0.003575
109 0.0017657 0.0048278 0.003062 -0.0034111 -0.0023816 -0.0006008 0.00058254 0.00097044 0.0015128
110 0.00011053 0.00057604 0.00046551 -0.0019317 -0.0018801 -0.0017416 -0.0011659 -0.00077915 0.0005912
111 -0.00042764 -0.00064869 -0.00022106 -0.00135 -0.0016374 -0.001831 -0.0014561 -0.0011404 0.00015734
112 -0.00056868 -0.00084945 -0.00028078 -0.0014898 -0.0017442 -0.001938 -0.001542 -0.0012149 0.00013264
113 -0.00052894 -0.00073144 -0.00020249 -0.0016707 -0.0018444 -0.001849 -0.0013724 -0.0010242 0.00021664
114 -0.0003249 -0.00047009 -0.00014519 -0.0020809 -0.0020913 -0.0019092 -0.0012634 -0.0008519 0.00050221
115 -0.00069975 -0.0011036 -0.00040387 -0.0014107 -0.0016303 -0.0016092 -0.001283 -0.0010571 -8.8168e-05
116 -0.0014264 -0.0022472 -0.00082079 -0.00051622 -0.0010007 -0.0014081 -0.0015648 -0.0014968 -0.00075727
117 -0.001432 -0.0023471 -0.00091512 -0.00059382 -0.0010365 -0.0014247 -0.001578 -0.0015135 -0.00077771
118 -0.0012621 -0.0021125 -0.0008504 -0.00089038 -0.0011897 -0.0014304 -0.0014767 -0.0013835 -0.00063405
119 -0.0011337 -0.0018406 -0.00070689 -0.0011221 -0.0013155 -0.0014155 -0.0013697 -0.0012544 -0.0005204
120 -0.0010408 -0.0016511 -0.00061025 -0.0012952 -0.0014057 -0.0013978 -0.001284 -0.0011537 -0.0004402
121 -0.00097224 -0.00151 -0.00053773 -0.0014314 -0.0014757 -0.0013819 -0.0012151 -0.0010738 -0.00038151
122 -0.00092137 -0.0014034 -0.00048204 -0.0015404 -0.0015318 -0.0013687 -0.001159 -0.0010094 -0.00033703
123 -0.00088498 -0.0013239 -0.00043887 -0.0016275 -0.0015777 -0.0013588 -0.0011141 -0.00095793 -0.00030373
124 -0.00086332 -0.001268 -0.00040468 -0.0016937 -0.0016137 -0.0013516 -0.0010793 -0.00091807 -0.00028092
125 -0.00085125 -0.0012298 -0.0003786 -0.0017438 -0.0016426 -0.0013473 -0.0010525 -0.00088715 -0.00026542
126 -0.00084927 -0.0012082 -0.00035894 -0.001779 -0.0016654 -0.001346 -0.0010336 -0.00086492 -0.00025708
127 -0.00085372 -0.0012012 -0.00034747 -0.001802 -0.0016827 -0.0013466 -0.0010203 -0.00084967 -0.00025471
128 -0.00086561 -0.0012096 -0.00034396 -0.0018133 -0.0016945 -0.0013488 -0.0010126 -0.00084108 -0.00025861
129 -0.00088572 -0.0012331 -0.00034738 -0.0018124 -0.0017008 -0.0013535 -0.0010114 -0.00083987 -0.00026887
130 -0.00091177 -0.0012709 -0.00035915 -0.0018001 -0.0016999 -0.0013582 -0.0010147 -0.00084428 -0.00028453
131 -0.00094185 -0.0013202 -0.00037836 -0.0017755 -0.0016898 -0.0013607 -0.0010206 -0.00085287 -0.0003043
132 -0.0010096 -0.0014288 -0.00041928 -0.0017312 -0.0016946 -0.0013984 -0.0010685 -0.00090268 -0.00034634
133 -0.0010876 -0.0015425 -0.0004549 -0.0016775 -0.0016997 -0.0014422 -0.0011245 -0.00096006 -0.00039365
134 -0.0011655 -0.0016548 -0.00048931 -0.0016173 -0.0016976 -0.0014805 -0.0011764 -0.001014 -0.00044151
135 -0.0012468 -0.0017765 -0.00052973 -0.0015499 -0.0016907 -0.0015183 -0.0012306 -0.0010711 -0.00049219
136 -0.0013311 -0.0019046 -0.00057351 -0.0014764 -0.0016797 -0.0015555 -0.0012863 -0.0011303 -0.00054532
137 -0.0014175 -0.0020342 -0.00061666 -0.0013973 -0.0016651 -0.001591 -0.0013412 -0.0011891 -0.00060015
138 -0.0015079 -0.0021742 -0.0006663 -0.0013117 -0.001647 -0.0016276 -0.0014002 -0.0012526 -0.00065813
139 -0.0016004 -0.0023188 -0.0007184 -0.001221 -0.0016255 -0.0016634 -0.0014601 -0.0013175 -0.00071795
140 -0.0016951 -0.0024643 -0.00076924 -0.0011253 -0.0016012 -0.0016983 -0.0015198 -0.0013823 -0.00077938
141 -0.0017935 -0.0026196 -0.00082617 -0.0010243 -0.0015739 -0.0017344 -0.0015832 -0.0014516 -0.00084367
142 -0.0018932 -0.0027746 -0.00088134 -0.00091934 -0.0015444 -0.0017695 -0.0016461 -0.0015204 -0.00090916
143 -0.0019965 -0.0029391 -0.00094262 -0.00080949 -0.0015123 -0.0018059 -0.0017128 -0.0015936 -0.00097732
144 -0.0021007 -0.0031025 -0.0010018 -0.00069659 -0.0014782 -0.0018413 -0.0017787 -0.001666 -0.0010463
145 -0.0022083 -0.0032753 -0.001067 -0.00057914 -0.0014418 -0.0018781 -0.0018483 -0.0017428 -0.0011179
146 -0.002317 -0.0034506 -0.0011335 -0.00045849 -0.0014028 -0.0019139 -0.0019181 -0.00182 -0.0011905
147 -0.0024272 -0.0036251 -0.0011979 -0.00033511 -0.0013631 -0.00195 -0.001988 -0.0018973 -0.0012642
148 -0.0025405 -0.0038086 -0.0012681 -0.00020766 -0.001321 -0.0019871 -0.0020614 -0.0019786 -0.0013403
149 -0.0026536 -0.0039887 -0.0013351 -7.8121e-05 -0.0012778 -0.0020232 -0.0021332 -0.0020583 -0.0014165
150 -0.00047314 -0.002028 -0.0015548 0.00018017 -0.00066805 -0.0018484 -0.0011962 -0.00086949 -0.0001224
151 -0.00047314 -0.002029 -0.0015559 0.00017996 -0.00066962 -0.0018496 -0.0011965 -0.00086951 -0.00012236
152 -0.0004732 -0.00203 -0.0015568 0.00017975 -0.00067069 -0.0018505 -0.0011967 -0.00086966 -0.00012225
153 -0.00047325 -0.0020308 -0.0015576 0.00017955 -0.00067151 -0.0018513 -0.001197 -0.0008698 -0.00012221
154 -0.00047331 -0.0020315 -0.0015582 0.00017943 -0.00067207 -0.0018518 -0.0011972 -0.00086992 -0.00012214
155 -0.00047341 -0.0020326 -0.0015592 0.00017752 -0.00067732 -0.0018547 -0.0011978 -0.0008701 -0.00012195
156 -0.0004735 -0.0020332 -0.0015597 0.00017782 -0.00067683 -0.0018544 -0.0011979 -0.00087017 -0.00012184
157 -0.00047353 -0.0020336 -0.0015601 0.00017801 -0.00067645 -0.0018545 -0.0011979 -0.00087016 -0.00012176
158 -0.00047357 -0.002034 -0.0015605 0.00017825 -0.00067578 -0.0018546 -0.0011979 -0.00087017 -0.00012171
159 -0.00047359 -0.0020349 -0.0015613 0.00017723 -0.00067934 -0.0018564 -0.0011981 -0.00087008 -0.00012162
160 -0.00047366 -0.0020359 -0.0015622 0.0001762 -0.00068235 -0.0018579 -0.0011984 -0.00087018 -0.00012148
161 -0.0004737 -0.0020362 -0.0015624 0.00017645 -0.00068136 -0.0018577 -0.0011985 -0.00087024 -0.00012141
162 -0.00047377 -0.0020368 -0.001563 0.00017643 -0.00068225 -0.001858 -0.0011984 -0.0008702 -0.00012125
163 -0.00047378 -0.0020375 -0.0015637 0.00017585 -0.00068394 -0.001859 -0.0011985 -0.00087016 -0.00012114
164 -0.00047384 -0.0020382 -0.0015644 0.0001755 -0.00068516 -0.0018598 -0.0011987 -0.00087014 -0.000121
165 -0.00047385 -0.0020387 -0.0015648 0.00017533 -0.00068582 -0.0018601 -0.0011987 -0.00087018 -0.00012092
166 -0.00047387 -0.0020392 -0.0015654 0.00017514 -0.00068645 -0.0018606 -0.0011987 -0.00087006 -0.0001208
167 -0.00047394 -0.0020404 -0.0015664 0.0001733 -0.00069157 -0.0018632 -0.0011992 -0.00086998 -0.0001206
168 -0.00047396 -0.0020406 -0.0015667 0.0001735 -0.00069112 -0.0018629 -0.0011991 -0.00087003 -0.00012046
169 -0.00047398 -0.0020409 -0.0015669 0.00017376 -0.00069036 -0.0018627 -0.0011991 -0.00087002 -0.00012039
170 -0.000474 -0.0020418 -0.0015678 0.00017293 -0.00069336 -0.0018643 -0.0011991 -0.0008698 -0.00012023
171 -0.00047401 -0.0020427 -0.0015687 0.000172 -0.00069615 -0.0018656 -0.0011992 -0.00086974 -0.00011998
172 -0.00047402 -0.0020435 -0.0015694 0.00017137 -0.00069826 -0.0018664 -0.0011992 -0.00086968 -0.0001198
173 -0.00047403 -0.0020438 -0.0015698 0.00017172 -0.00069661 -0.0018662 -0.0011993 -0.00086971 -0.00011976
174 -0.00047409 -0.0020442 -0.0015701 0.00017195 -0.00069675 -0.001866 -0.0011992 -0.00086966 -0.0001196
175 -0.00047407 -0.0020453 -0.0015712 0.00016973 -0.000703 -0.0018691 -0.0011995 -0.00086947 -0.00011941
176 -0.0004741 -0.0020458 -0.0015717 0.00016982 -0.00070309 -0.0018688 -0.0011995 -0.0008695 -0.00011919
177 -0.00045646 -0.0020396 -0.0015832 0.00014542 -0.00070868 -0.0018108 -0.0011756 -0.0008491 -0.0001059
178 0.0025564 0.00057462 -0.0019818 -0.0033662 -0.002142 0.0055648 0.0025372 0.0024163 0.0018338
179 0.0091482 0.0070634 -0.0020848 -0.010809 -0.0052795 0.024831 0.012491 0.010828 0.0058622
180 0.015553 0.013103 -0.0024502 -0.018393 -0.0087839 0.043368 0.022206 0.019081 0.0099528
181 0.021691 0.019317 -0.0023736 -0.025883 -0.013149 0.06369 0.034506 0.029071 0.013743
182 0.027769 0.026415 -0.0013541 -0.03368 -0.018189 0.085189 0.04753 0.039618 0.017552
183 0.037027 0.036437 -0.0005904 -0.044564 -0.02164 0.12949 0.069889 0.056185 0.022416
184 0.046435 0.04689 0.00045425 -0.055549 -0.023321 0.17252 0.090165 0.071679 0.027302
185 0.060023 0.060683 0.00065971 -0.069235 -0.020311 0.23884 0.12122 0.09469 0.03432
186 0.075959 0.075436 -0.00052294 -0.084286 -0.010754 0.30455 0.1552 0.12067 0.042869
187 0.09296 0.091354 -0.0016053 -0.10044 -0.0013326 0.35594 0.19251 0.15023 0.052589
188 0.10796 0.10517 -0.0027837 -0.11512 -0.0028226 0.37681 0.22968 0.18024 0.062002
189 0.12536 0.1214 -0.0039564 -0.1293 0.002782 0.40449 0.27365 0.21509 0.072724
190 0.1421 0.13766 -0.0044459 -0.14235 0.0023583 0.40758 0.31357 0.24907 0.084757
191 0.15413 0.15621 0.0020794 -0.15491 -0.025735 0.36235 0.3465 0.28153 0.098078
192 0.16248 0.18026 0.017774 -0.16856 -0.080954 0.2841 0.3809 0.3166 0.11064
193 0.17431 0.20807 0.033759 -0.18493 -0.12272 0.21143 0.42464 0.35995 0.12424
194 0.18939 0.23755 0.04816 -0.1973 -0.12736 0.13136 0.47036 0.40585 0.1391
195 0.20704 0.26971 0.062679 -0.21432 -0.14697 0.047215 0.50763 0.4463 0.15353
196 0.22477 0.30729 0.082526 -0.23557 -0.20068 -0.045772 0.54494 0.49105 0.17026
197 0.23112 0.35131 0.1202 -0.26294 -0.38982 -0.1439 0.57888 0.53378 0.18652
198 0.23417 0.40099 0.16682 -0.28674 -0.53313 -0.25357 0.60565 0.57335 0.19728
199 0.23954 0.4584 0.21886 -0.3166 -0.67035 -0.37944 0.63089 0.61962 0.20851
200 0.2483 0.52232 0.27402 -0.33906 -0.74408 -0.46275 0.66965 0.67565 0.2164
201 0.26245 0.5891 0.32664 -0.36701 -0.78985 -0.53413 0.70952 0.73477 0.22364
202 0.27937 0.64646 0.36709 -0.39423 -0.82371 -0.59139 0.75575 0.80062 0.23136
203 0.29508 0.7095 0.41442 -0.42855 -0.87028 -0.65451 0.79095 0.8568 0.23759
204 0.3078 0.76856 0.46076 -0.45997 -0.91386 -0.71901 0.8267 0.91427 0.2434
205 0.31954 0.82205 0.50251 -0.4854 -0.95142 -0.77544 0.85468 0.96805 0.25059
206 0.33051 0.88013 0.54963 -0.50742 -0.98625 -0.81793 0.87804 1.0172 0.25615
207 0.34032 0.93853 0.59821 -0.53079 -1.0231 -0.85953 0.87243 1.0525 0.26464
208 0.35063 0.98879 0.63816 -0.55404 -1.0544 -0.89719 0.82885 1.0702 0.27645
209 0.35682 1 0.64318 -0.5647 -1.0746 -0.91874 0.78265 1.0815 0.29511
210 0.36017 0.98447 0.6243 -0.56636 -1.0766 -0.92618 0.73367 1.0923 0.31427
211 0.35837 0.95469 0.59633 -0.56139 -1.0674 -0.92438 0.68658 1.0897 0.32856
212 0.34593 0.9197 0.57377 -0.54444 -1.0485 -0.92458 0.60755 1.0315 0.3376
213 0.32469 0.86924 0.54455 -0.52614 -1.0254 -0.92296 0.49435 0.90917 0.34656
214 0.29818 0.79409 0.49592 -0.48773 -0.97317 -0.9155 0.36719 0.76685 0.35141
215 0.26529 0.71581 0.45052 -0.44991 -0.92415 -0.90632 0.2267 0.60111 0.3457
216 0.23414 0.64972 0.41558 -0.42232 -0.87647 -0.89574 0.085585 0.43797 0.33579
217 0.20556 0.59649 0.39093 -0.40201 -0.83472 -0.88083 -0.049749 0.2813 0.32153
218 0.17542 0.53837 0.36295 -0.37658 -0.79227 -0.86095 -0.17799 0.13774 0.30527
219 0.13608 0.4535 0.31742 -0.32937 -0.73711 -0.82792 -0.30047 -0.0077833 0.28012
220 0.09965 0.35819 0.25854 -0.27874 -0.67493 -0.78183 -0.39368 -0.13083 0.25533
221 0.06797 0.26955 0.20158 -0.23153 -0.60999 -0.73108 -0.44982 -0.21484 0.23108
222 0.038333 0.1895 0.15117 -0.19188 -0.5524 -0.67633 -0.46589 -0.25895 0.20674
223 0.012359 0.12127 0.10891 -0.15988 -0.50094 -0.62177 -0.45212 -0.27151 0.18097
224 -0.013677 0.068007 0.081684 -0.12895 -0.4549 -0.57343 -0.42882 -0.27263 0.15845
225 -0.034923 0.03056 0.065482 -0.10875 -0.41814 -0.52868 -0.39718 -0.26472 0.13826
226 -0.053841 -0.0030201 0.050821 -0.08876 -0.38349 -0.48837 -0.3689 -0.25827 0.11682
227 -0.068434 -0.032286 0.036148 -0.074035 -0.35435 -0.45278 -0.34447 -0.25235 0.096308
228 -0.075842 -0.052672 0.02317 -0.061738 -0.32647 -0.42136 -0.32555 -0.24683 0.078689
229 -0.081703 -0.072017 0.0096852 -0.054153 -0.30369 -0.39286 -0.30859 -0.24119 0.062132
230 -0.08419 -0.0895 -0.0053099 -0.04585 -0.27748 -0.36553 -0.29412 -0.23673 0.046275
231 -0.088151 -0.10982 -0.021673 -0.033825 -0.25161 -0.33863 -0.27974 -0.23182 0.027962
232 -0.090231 -0.12327 -0.033035 -0.025656 -0.23145 -0.31654 -0.26938 -0.22899 0.014075
233 -0.09088 -0.13181 -0.040932 -0.021644 -0.21225 -0.29378 -0.2578 -0.22414 0.0023063
234 -0.089197 -0.13436 -0.045159 -0.017743 -0.19369 -0.2732 -0.24754 -0.21896 -0.0041155
235 -0.082668 -0.1298 -0.047133 -0.020268 -0.17688 -0.24847 -0.23101 -0.20706 -0.0065476
236 -0.075341 -0.123 -0.047659 -0.023932 -0.1615 -0.22613 -0.21585 -0.19491 -0.0062134
237 -0.070229 -0.11628 -0.046056 -0.026556 -0.14923 -0.2055 -0.20205 -0.18407 -0.0071108
238 -0.064968 -0.11192 -0.046953 -0.028482 -0.13663 -0.18876 -0.19153 -0.17578 -0.0082392
239 -0.059182 -0.10497 -0.04579 -0.030995 -0.12918 -0.17196 -0.17849 -0.16489 -0.0077503
240 -0.055481 -0.099755 -0.044274 -0.031313 -0.1194 -0.15656 -0.16798 -0.15658 -0.0089529
241 -0.050035 -0.092929 -0.042894 -0.032495 -0.10747 -0.14017 -0.15595 -0.14665 -0.0091014
242 -0.045771 -0.087155 -0.041384 -0.032406 -0.096965 -0.12409 -0.14381 -0.13663 -0.010151
243 -0.043556 -0.081331 -0.037776 -0.030822 -0.08865 -0.10992 -0.1328 -0.12763 -0.012293
244 -0.037398 -0.072847 -0.035449 -0.032602 -0.082577 -0.095773 -0.11996 -0.11612 -0.011251
245 -0.032243 -0.06391 -0.031667 -0.032552 -0.076818 -0.080988 -0.10603 -0.10363 -0.010824
246 -0.027979 -0.053693 -0.025714 -0.032757 -0.072749 -0.066277 -0.091024 -0.090073 -0.011437
247 -0.022013 -0.041285 -0.019271 -0.031958 -0.064826 -0.049528 -0.074073 -0.074488 -0.011447
248 -0.017037 -0.03063 -0.013593 -0.031369 -0.057566 -0.03524 -0.059717 -0.061299 -0.010908
249 -0.013231 -0.024837 -0.011606 -0.026786 -0.046824 -0.022463 -0.048445 -0.051361 -0.011667
250 -0.010524 -0.016352 -0.0058272 -0.02139 -0.037068 -0.010025 -0.037336 -0.041399 -0.011358
251 -0.0087241 -0.010873 -0.0021493 -0.017308 -0.029253 -0.0028984 -0.031322 -0.035815 -0.010382
252 -0.011417 -0.010573 0.00084475 -0.010332 -0.022627 -9.8812e-05 -0.030113 -0.034943 -0.011848
253 -0.010653 -0.0056558 0.0049973 -0.004856 -0.014716 0.0078629 -0.024142 -0.029942 -0.011572
254 -0.0091085 -0.00054893 0.0085595 -0.003498 -0.010207 0.012993 -0.02017 -0.02639 -0.010241
255 -0.0075786 0.0054002 0.012979 -0.001076 -0.0041289 0.020756 -0.014315 -0.021461 -0.0092333
256 -0.0070012 0.010069 0.01707 0.00039834 -3.4244e-05 0.02648 -0.010012 -0.017832 -0.0085777
257 -0.0055098 0.014807 0.020317 0.0018036 0.0045179 0.032886 -0.0052205 -0.01373 -0.0072572
258 -0.0040573 0.018211 0.022268 0.0025235 0.0086664 0.038334 -0.0011866 -0.010241 -0.0060781
259 -0.0020429 0.021675 0.023718 0.0022723 0.01075 0.042427 0.0019684 -0.0073728 -0.0040847
260 -0.001127 0.02324 0.024367 0.0024936 0.012835 0.045721 0.0039591 -0.0058202 -0.0034753
261 -8.4785e-05 0.023352 0.023437 0.0027544 0.015745 0.048554 0.005249 -0.0048917 -0.0031657
262 0.0013955 0.023863 0.022467 0.0023797 0.018179 0.051385 0.0067972 -0.0036461 -0.002453
263 0.0013825 0.023217 0.021834 0.0026768 0.020232 0.053233 0.0073201 -0.0034617 -0.0028002
264 0.0027018 0.02444 0.021738 0.0024115 0.022792 0.05695 0.009568 -0.0017702 -0.0025661
265 0.0033271 0.02576 0.022433 0.0022075 0.024645 0.060013 0.011324 -0.00051054 -0.0025664
266 0.0036002 0.025871 0.022271 0.0023328 0.026421 0.062232 0.012317 0.00010979 -0.0027314
267 0.0039503 0.025712 0.021762 0.0024093 0.028285 0.064176 0.013077 0.00054528 -0.0028907
268 0.004098 0.025562 0.021464 0.0028905 0.029957 0.066046 0.013822 0.00096214 -0.0030976
269 0.0042656 0.025657 0.021392 0.0032061 0.031426 0.067917 0.014604 0.0014139 -0.0032677
270 0.0041213 0.025334 0.021213 0.0035103 0.032512 0.069238 0.014948 0.0014997 -0.003547
271 0.0040504 0.02505 0.021 0.0038316 0.033566 0.070552 0.015335 0.0016328 -0.0037911
272 0.0039657 0.024777 0.020811 0.0041356 0.034562 0.071826 0.015696 0.0017462 -0.0040347
273 0.0038766 0.024517 0.020641 0.0044248 0.035522 0.073066 0.016046 0.0018515 -0.0042759
274 0.0037872 0.024273 0.020486 0.0047054 0.036463 0.074299 0.016394 0.0019583 -0.0045142
275 0.0036988 0.024046 0.020347 0.0049791 0.037391 0.075528 0.016744 0.0020684 -0.0047499
276 0.0036012 0.023821 0.02022 0.0052424 0.038301 0.076738 0.017083 0.0021687 -0.0049886
277 0.0035161 0.023621 0.020105 0.0055014 0.039207 0.077957 0.017443 0.0022896 -0.0052193
278 0.0034329 0.023437 0.020004 0.0057519 0.0401 0.079168 0.017808 0.0024163 -0.0054477
279 0.0033508 0.023267 0.019916 0.0059945 0.040978 0.080384 0.018178 0.002549 -0.0056743
280 0.0032703 0.023111 0.019841 0.0062286 0.041843 0.081593 0.018555 0.0026883 -0.005899
281 0.0031813 0.022959 0.019777 0.0064516 0.042688 0.082793 0.018924 0.0028201 -0.0061277
282 0.003103 0.02283 0.019727 0.0066708 0.043527 0.084003 0.019315 0.0029735 -0.0063496
283 0.0030263 0.022717 0.019691 0.0068815 0.044352 0.085214 0.019716 0.0031348 -0.0065699
284 0.002952 0.022621 0.019669 0.0070839 0.045163 0.086432 0.020124 0.0033039 -0.0067898
285 0.0028783 0.02254 0.019662 0.0072792 0.045964 0.087653 0.020543 0.003482 -0.0070074
286 0.0027985 0.022465 0.019667 0.0074635 0.046746 0.088872 0.020957 0.0036553 -0.0072288
287 0.0027292 0.022417 0.019687 0.0076447 0.047523 0.090104 0.021398 0.0038519 -0.007445
288 0.0026624 0.022386 0.019724 0.0078181 0.048291 0.091352 0.02185 0.0040593 -0.0076589
289 0.0025974 0.022374 0.019776 0.007984 0.049048 0.09261 0.022316 0.0042769 -0.007872
290 0.0025355 0.022379 0.019844 0.0081431 0.049796 0.093877 0.022794 0.0045057 -0.0080834
291 0.0024761 0.022404 0.019928 0.0082955 0.050536 0.095156 0.023287 0.0047462 -0.0082934
292 0.0024198 0.022447 0.020028 0.0084403 0.051267 0.096456 0.023794 0.004998 -0.0085026
293 0.0023665 0.022511 0.020144 0.0085788 0.051991 0.097769 0.024317 0.0052625 -0.0087101
294 0.0023158 0.022593 0.020277 0.0087105 0.052709 0.099099 0.024857 0.0055398 -0.0089168
295 0.0022694 0.022696 0.020426 0.0088355 0.05342 0.10045 0.025413 0.0058302 -0.0091225
296 0.0022205 0.022808 0.020588 0.008951 0.05412 0.10181 0.025974 0.0061213 -0.0093306
297 0.0021858 0.022962 0.020776 0.0090663 0.054827 0.10322 0.026579 0.0064519 -0.0095305
298 0.0021444 0.023117 0.020973 0.0091681 0.055518 0.10463 0.027178 0.0067725 -0.0097363
299 0.0021178 0.023315 0.021198 0.0092701 0.056216 0.10608 0.027824 0.0071329 -0.0099339
300 0.0020843 0.023514 0.02143 0.009359 0.0569 0.10755 0.028465 0.0074848 -0.010137
301 0.0020652 0.023757 0.021692 0.0094478 0.057592 0.10906 0.029154 0.0078771 -0.010333
302 0.0020454 0.024013 0.021968 0.0095261 0.058276 0.11059 0.029854 0.008275 -0.010532
303 0.0020305 0.024293 0.022262 0.0095983 0.058959 0.11217 0.030577 0.00869 -0.01073
304 0.0020194 0.024596 0.022576 0.0096639 0.059641 0.11377 0.031327 0.0091234 -0.010928
305 0.0020132 0.024923 0.02291 0.0097226 0.060322 0.1154 0.032102 0.0095756 -0.011124
306 0.0020113 0.025277 0.023265 0.0097746 0.061002 0.11708 0.032906 0.010048 -0.011321
307 0.0020144 0.025656 0.023641 0.0098195 0.061683 0.11881 0.033739 0.010541 -0.011517
308 0.0020225 0.026061 0.024038 0.0098571 0.062365 0.12057 0.034603 0.011056 -0.011714
309 0.0020361 0.026494 0.024458 0.0098878 0.063048 0.12238 0.035498 0.011594 -0.01191
310 0.0020546 0.026954 0.024899 0.0099109 0.063733 0.12423 0.036428 0.012155 -0.012107
311 0.0020806 0.027456 0.025376 0.0099295 0.064424 0.12615 0.037405 0.012754 -0.0123
312 0.0021116 0.027978 0.025866 0.0099372 0.065115 0.12811 0.038408 0.013367 -0.012497
313 0.0021475 0.028528 0.02638 0.0099375 0.065809 0.13014 0.039448 0.014007 -0.012694
314 0.0021883 0.029109 0.02692 0.0099299 0.066507 0.13222 0.04053 0.014675 -0.012892
315 0.0022353 0.029722 0.027487 0.0099141 0.067211 0.13437 0.041655 0.015372 -0.013091
316 0.0022898 0.03037 0.02808 0.0098901 0.067921 0.13658 0.042826 0.016101 -0.013291
317 0.0023505 0.031065 0.028715 0.0098609 0.068642 0.13889 0.044058 0.016876 -0.01349
318 0.0024179 0.031786 0.029368 0.0098222 0.069376 0.14127 0.045332 0.017675 -0.013693
319 0.0024922 0.032542 0.03005 0.0097765 0.070123 0.14374 0.046661 0.01851 -0.013899
320 0.0025739 0.03334 0.030766 0.0097226 0.070884 0.1463 0.04805 0.019386 -0.014107
321 0.0026624 0.034191 0.031529 0.0096637 0.071663 0.14897 0.049516 0.020318 -0.014314
322 0.0027601 0.035074 0.032314 0.0095911 0.072453 0.15174 0.051037 0.021282 -0.014526
323 0.0028641 0.036001 0.033137 0.0095091 0.073259 0.15463 0.052629 0.022293 -0.014742
324 0.0029755 0.036988 0.034013 0.0094193 0.074081 0.15765 0.054311 0.023368 -0.014959
325 0.0030974 0.038015 0.034918 0.0093149 0.074919 0.16079 0.056065 0.024485 -0.015184
326 0.0032255 0.039092 0.035867 0.009199 0.075774 0.16407 0.057906 0.02566 -0.015414
327 0.0033642 0.040226 0.036862 0.0090704 0.076652 0.1675 0.059843 0.026898 -0.01565
328 0.003509 0.041431 0.037922 0.0089319 0.077547 0.1711 0.061895 0.028216 -0.015889
329 0.0036649 0.042686 0.039021 0.008773 0.078451 0.17486 0.064044 0.029593 -0.016138
330 0.0038289 0.044005 0.040176 0.0085974 0.079375 0.17879 0.066309 0.031046 -0.016398
331 0.004001 0.045409 0.041408 0.0084091 0.080318 0.18291 0.068713 0.032594 -0.016662
332 0.004186 0.046876 0.04269 0.0081981 0.081284 0.18723 0.071244 0.034223 -0.016939
333 0.0043791 0.048437 0.044058 0.0079718 0.082266 0.19175 0.073937 0.035963 -0.017223
334 0.0045889 0.050072 0.045484 0.0077187 0.08327 0.19647 0.076778 0.037802 -0.01752
335 0.0048092 0.051816 0.047007 0.007446 0.084293 0.20139 0.079806 0.039776 -0.017824
336 0.0050499 0.053644 0.048595 0.0071417 0.085329 0.20652 0.083008 0.041872 -0.018139
337 0.005308 0.055599 0.050291 0.0068096 0.086382 0.21184 0.086425 0.044129 -0.018457
338 0.0055914 0.05765 0.052059 0.0064379 0.087437 0.21734 0.090037 0.046533 -0.018785
339 0.0059003 0.059823 0.053922 0.0060255 0.088495 0.223 0.093867 0.04911 -0.019115
340 0.0062388 0.062145 0.055906 0.0055716 0.089547 0.22881 0.097945 0.051891 -0.019438
341 0.0066169 0.064583 0.057966 0.0050625 0.090587 0.23473 0.10224 0.054856 -0.019758
342 0.0070353 0.067185 0.06015 0.0045 0.091597 0.24075 0.10678 0.05805 -0.020062
343 0.0075044 0.069907 0.062403 0.003872 0.092583 0.24682 0.11155 0.061445 -0.020351
344 0.0080279 0.072773 0.064745 0.0031773 0.093524 0.25292 0.11653 0.065064 -0.020613
345 0.0086121 0.07581 0.067198 0.0024119 0.094417 0.25903 0.12175 0.068924 -0.020835
346 0.0092675 0.078965 0.069697 0.0015684 0.095256 0.26509 0.12715 0.072989 -0.021017
347 0.0099972 0.082255 0.072258 0.0006461 0.096025 0.27108 0.13273 0.077261 -0.021148
348 0.010808 0.085675 0.074867 -0.00035729 0.096732 0.27698 0.13846 0.08173 -0.021216
349 0.011705 0.089213 0.077508 -0.0014426 0.097356 0.28276 0.14432 0.086378 -0.021215
350 0.012691 0.092859 0.080168 -0.0026093 0.097906 0.28839 0.15027 0.091167 -0.021134
351 0.01377 0.096599 0.082828 -0.0038549 0.098371 0.29386 0.15628 0.096081 -0.02097
352 0.014943 0.10042 0.085474 -0.0051764 0.098751 0.29913 0.1623 0.10108 -0.020715
353 0.016206 0.10426 0.088059 -0.0065684 0.099048 0.30419 0.16829 0.1061 -0.020377
354 0.017558 0.10819 0.090633 -0.0080265 0.099257 0.30905 0.17424 0.11117 -0.019936
355 0.018998 0.11215 0.093149 -0.0095417 0.099394 0.31369 0.18011 0.11622 -0.0194
356 0.020515 0.11608 0.095566 -0.011108 0.09945 0.31808 0.18584 0.1212 -0.018782
357 0.022105 0.12004 0.097939 -0.012716 0.099427 0.32227 0.19145 0.12614 -0.018065
358 0.023761 0.12396 0.10019 -0.014359 0.099342 0.32622 0.19689 0.13097 -0.017273
359 0.025476 0.12788 0.1024 -0.016033 0.099188 0.32997 0.20217 0.13572 -0.016397
360 0.027239 0.13172 0.10448 -0.017724 0.098971 0.3335 0.20727 0.14033 -0.015455
361 0.029044 0.13554 0.1065 -0.019431 0.098702 0.33684 0.21221 0.14484 -0.014438
362 0.03088 0.13928 0.10839 -0.021144 0.098381 0.33998 0.21695 0.14921 -0.013372
363 0.03274 0.14294 0.1102 -0.022863 0.09801 0.34294 0.22152 0.15345 -0.012257
364 0.034621 0.14659 0.11196 -0.024586 0.097589 0.34575 0.22595 0.15759 -0.011089
365 0.036507 0.15011 0.11361 -0.026298 0.097133 0.34839 0.23021 0.16158 -0.0098909
366 0.038401 0.15362 0.11522 -0.028015 0.096624 0.3509 0.23434 0.16547 -0.0086573
367 0.040283 0.157 0.11672 -0.02971 0.096092 0.35328 0.23831 0.16923 -0.0074062
368 0.042165 0.16037 0.11821 -0.031407 0.095515 0.35556 0.24217 0.17289 -0.0061305
369 0.044034 0.16367 0.11963 -0.033088 0.094909 0.35772 0.24592 0.17645 -0.0048385
370 0.045872 0.16684 0.12097 -0.034741 0.094277 0.35978 0.24953 0.17987 -0.0035501
371 0.047702 0.17001 0.12231 -0.036394 0.093614 0.36175 0.25305 0.18322 -0.002249
372 0.049488 0.17304 0.12355 -0.038008 0.09293 0.36363 0.25645 0.18643 -0.00095635
373 0.051261 0.17607 0.12481 -0.039622 0.092209 0.36546 0.25978 0.18959 0.00034512
374 0.053009 0.17903 0.12602 -0.041209 0.091473 0.36722 0.26304 0.19266 0.0016452
375 0.054705 0.18187 0.12716 -0.042754 0.090725 0.3689 0.26617 0.19561 0.002925
376 0.056384 0.1847 0.12832 -0.044302 0.089938 0.37054 0.26925 0.19851 0.004206
377 0.058013 0.1874 0.12939 -0.045792 0.089158 0.37211 0.27225 0.20131 0.0054741
378 0.059625 0.1901 0.13047 -0.047288 0.08834 0.37364 0.2752 0.20407 0.0067374
379 0.061205 0.19273 0.13153 -0.048752 0.087504 0.37512 0.2781 0.20675 0.0079914
380 0.062732 0.19523 0.1325 -0.050161 0.086675 0.37655 0.28091 0.20935 0.0092302
381 0.064248 0.19773 0.13349 -0.051575 0.085813 0.37795 0.28368 0.21191 0.010464
382 0.065706 0.2001 0.13439 -0.05293 0.08496 0.3793 0.28639 0.21439 0.011679
383 0.067156 0.20246 0.13531 -0.05429 0.084072 0.38063 0.28906 0.21683 0.012889
384 0.068552 0.20469 0.13614 -0.055589 0.083198 0.38194 0.29168 0.21921 0.014083
385 0.06992 0.20686 0.13694 -0.056867 0.082317 0.38323 0.29426 0.22153 0.015262
386 0.071275 0.20901 0.13773 -0.058147 0.081407 0.3845 0.29681 0.22381 0.016432
387 0.072587 0.21105 0.13846 -0.059367 0.080521 0.38579 0.29933 0.22605 0.017584
388 0.073882 0.21306 0.13917 -0.060592 0.079616 0.38709 0.30183 0.22826 0.018722
389 0.07514 0.21496 0.13982 -0.06176 0.078735 0.38843 0.30432 0.23043 0.019841
390 0.07637 0.21679 0.14042 -0.062902 0.077863 0.3898 0.30681 0.23256 0.020942
391 0.077587 0.21861 0.14102 -0.064047 0.076983 0.39121 0.3093 0.23468 0.022021
392 0.078762 0.22032 0.14156 -0.065139 0.076137 0.39269 0.31182 0.23678 0.023074
393 0.079907 0.22197 0.14206 -0.066208 0.0753 0.39424 0.31436 0.23888 0.024099
394 0.081034 0.22357 0.14253 -0.06725 0.074491 0.39589 0.31695 0.241 0.025101
395 0.082146 0.22515 0.143 -0.068302 0.073666 0.39758 0.31958 0.24311 0.026071
396 0.083219 0.22665 0.14343 -0.069307 0.072871 0.39936 0.32229 0.24527 0.027017
397 0.084285 0.22814 0.14386 -0.070326 0.072066 0.40119 0.32504 0.24745 0.027928
398 0.085309 0.22957 0.14426 -0.071307 0.071292 0.40307 0.32786 0.24967 0.02881
399 0.086334 0.231 0.14467 -0.072299 0.070498 0.40494 0.33072 0.25192 0.029664
400 0.087321 0.23238 0.14506 -0.073257 0.069742 0.40679 0.33361 0.25421 0.030495
401 0.08831 0.23376 0.14545 -0.074232 0.068951 0.40853 0.33649 0.25649 0.031299
402 0.08928 0.23513 0.14585 -0.075199 0.068161 0.41008 0.3393 0.25878 0.032094
403 0.090236 0.23646 0.14623 -0.076158 0.06736 0.41137 0.34199 0.26102 0.032877
404 0.091177 0.23776 0.14658 -0.0771 0.066557 0.41227 0.34445 0.26317 0.033664
405 0.092105 0.23901 0.1469 -0.078027 0.065728 0.41268 0.34661 0.26518 0.034469
406 0.093004 0.24014 0.14714 -0.078902 0.064906 0.41246 0.34832 0.26696 0.0353
407 0.093917 0.24122 0.1473 -0.079787 0.064008 0.41148 0.34946 0.26844 0.036165
408 0.094855 0.24223 0.14737 -0.08068 0.063037 0.40961 0.3499 0.26952 0.037082
409 0.095792 0.2431 0.14731 -0.081559 0.061988 0.40676 0.34951 0.27011 0.038075
410 0.096789 0.24385 0.14706 -0.082462 0.060825 0.40283 0.34814 0.27011 0.039189
411 0.097824 0.2444 0.14657 -0.083354 0.059568 0.39779 0.34569 0.26942 0.040451
412 0.09889 0.24465 0.14576 -0.084202 0.058249 0.39163 0.34209 0.26797 0.041868
413 0.099935 0.24452 0.14458 -0.084948 0.056898 0.38435 0.33723 0.26565 0.043395
414 0.10101 0.24399 0.14298 -0.085628 0.055489 0.37601 0.33109 0.26243 0.045079
415 0.10207 0.24302 0.14095 -0.086176 0.054066 0.36667 0.32371 0.25828 0.046862
416 0.10309 0.24156 0.13847 -0.086609 0.052627 0.35641 0.31509 0.2532 0.048753
417 0.10407 0.23959 0.13552 -0.086903 0.051188 0.34535 0.30536 0.24725 0.050724
418 0.10502 0.23709 0.13207 -0.08706 0.049763 0.33361 0.2946 0.24045 0.052758
419 0.10586 0.23407 0.1282 -0.087037 0.048362 0.32133 0.28299 0.23293 0.054805
420 0.10659 0.2305 0.12391 -0.086833 0.047013 0.30863 0.27068 0.22477 0.056841
421 0.10717 0.22642 0.11925 -0.086447 0.0457 0.29564 0.25785 0.21608 0.058826
422 0.10758 0.22184 0.11427 -0.085865 0.044445 0.2825 0.24469 0.207 0.060715
423 0.10779 0.21683 0.10904 -0.0851 0.043239 0.26934 0.23137 0.19763 0.062467
424 0.10779 0.21139 0.10359 -0.084163 0.042079 0.25623 0.21805 0.18808 0.064042
425 0.10754 0.20562 0.098082 -0.083048 0.040958 0.24331 0.2049 0.17849 0.065416
426 0.10705 0.19958 0.092525 -0.081794 0.039869 0.23064 0.19204 0.16893 0.066536
427 0.10628 0.19337 0.087086 -0.080406 0.038789 0.21831 0.17963 0.15954 0.0674
428 0.10525 0.18706 0.081807 -0.07892 0.037703 0.20638 0.16772 0.15036 0.067992
429 0.10396 0.18071 0.076755 -0.07736 0.036596 0.19489 0.15641 0.14148 0.068291
430 0.10242 0.1744 0.071981 -0.075755 0.035456 0.18388 0.14574 0.13295 0.068315
431 0.10066 0.1682 0.067537 -0.074129 0.034267 0.17338 0.13575 0.12482 0.068075
432 0.098684 0.16218 0.063496 -0.072511 0.033012 0.1634 0.12649 0.11713 0.067588
433 0.096545 0.15632 0.059774 -0.070918 0.031696 0.15394 0.11788 0.10986 0.066876
434 0.094266 0.15072 0.056453 -0.069366 0.030306 0.14502 0.10998 0.10308 0.065981
435 0.091869 0.14535 0.053477 -0.067872 0.02884 0.13658 0.10271 0.096741 0.064919
436 0.089394 0.14017 0.050779 -0.066432 0.027311 0.12863 0.096036 0.090831 0.063719
437 0.086862 0.13528 0.048416 -0.065061 0.02571 0.12113 0.089947 0.085373 0.062426
438 0.0843 0.13062 0.046317 -0.063749 0.024047 0.11406 0.084371 0.080323 0.061058
439 0.081721 0.12617 0.044445 -0.062488 0.022333 0.10741 0.079263 0.075661 0.059634
440 0.079155 0.12193 0.04277 -0.061278 0.02058 0.10112 0.074588 0.071351 0.058184
441 0.076601 0.11786 0.041262 -0.060105 0.018795 0.095187 0.070284 0.067381 0.056719
442 0.074073 0.11396 0.039892 -0.058965 0.016991 0.089568 0.066317 0.063704 0.055251
443 0.071576 0.11021 0.038636 -0.057841 0.015182 0.084256 0.062648 0.0603 0.053787
444 0.069118 0.10659 0.037471 -0.056722 0.013383 0.079215 0.059237 0.05714 0.052333
445 0.066699 0.10308 0.036377 -0.055592 0.011613 0.074434 0.056055 0.054196 0.050889
446 0.064311 0.099647 0.035336 -0.054425 0.0099064 0.069887 0.053068 0.051438 0.049451
447 0.061958 0.096295 0.034337 -0.053225 0.0082555 0.065569 0.050255 0.048847 0.048016
448 0.059639 0.093009 0.03337 -0.051989 0.0066637 0.06146 0.047597 0.046404 0.046583
449 0.057351 0.089775 0.032424 -0.050714 0.0051403 0.057549 0.045076 0.04409 0.045146
450 0.055092 0.086584 0.031492 -0.049394 0.0036947 0.053829 0.042678 0.04189 0.0437
451 0.052859 0.08345 0.030591 -0.048026 0.0023362 0.050304 0.040415 0.039815 0.042251
452 0.050653 0.080323 0.029671 -0.046614 0.0010684 0.046944 0.038234 0.03781 0.040774
453 0.048471 0.077223 0.028753 -0.045152 -9.5464e-05 0.043759 0.036151 0.03589 0.039277
454 0.046312 0.074146 0.027835 -0.043641 -0.0011487 0.040744 0.03416 0.034046 0.037758
455 0.044176 0.071093 0.026917 -0.042078 -0.0020842 0.037899 0.032258 0.032275 0.036214
456 0.042062 0.068063 0.026001 -0.040467 -0.0028978 0.035221 0.030441 0.030571 0.034647
457 0.039975 0.065042 0.025068 -0.038812 -0.0035901 0.032697 0.028687 0.02891 0.033049
458 0.037905 0.062065 0.02416 -0.037105 -0.0041486 0.030347 0.027032 0.02733 0.031438
459 0.035857 0.05912 0.023262 -0.035358 -0.004583 0.028158 0.025456 0.025807 0.029809
460 0.033841 0.0562 0.022359 -0.033589 -0.0049061 0.026114 0.023935 0.02432 0.028164
461 0.03185 0.053323 0.021473 -0.031791 -0.0051121 0.024222 0.022487 0.022887 0.026514
462 0.029879 0.050501 0.020622 -0.029959 -0.0051987 0.022485 0.021126 0.021522 0.024863
463 0.027941 0.047718 0.019776 -0.02811 -0.0051826 0.020877 0.019814 0.020189 0.023215
464 0.026031 0.045 0.018969 -0.02624 -0.0050615 0.019408 0.018583 0.018921 0.021579
465 0.024161 0.042334 0.018174 -0.024366 -0.0048546 0.018056 0.017399 0.017687 0.019961
466 0.022334 0.039737 0.017403 -0.022493 -0.0045671 0.01682 0.016277 0.016504 0.018374
467 0.020558 0.037225 0.016668 -0.020629 -0.0042059 0.0157 0.015226 0.015382 0.016823
468 0.018844 0.034796 0.015952 -0.018788 -0.0037877 0.014679 0.014234 0.014312 0.01532
469 0.017202 0.03245 0.015248 -0.016988 -0.0033282 0.013744 0.013286 0.013285 0.013878
470 0.015641 0.030207 0.014566 -0.015235 -0.0028319 0.012897 0.012404 0.012319 0.012503
471 0.014171 0.028067 0.013896 -0.013543 -0.0023149 0.012126 0.011574 0.011408 0.011205
472 0.012797 0.026034 0.013237 -0.011924 -0.0017886 0.011421 0.010794 0.010551 0.0099913
473 0.011525 0.024115 0.012589 -0.010385 -0.0012605 0.010779 0.010069 0.0097542 0.0088651
474 0.010358 0.022301 0.011943 -0.0089377 -0.00074549 0.010183 0.0093811 0.0090012 0.0078321
475 0.0092943 0.020603 0.011308 -0.007583 -0.00024563 0.0096354 0.0087438 0.0083062 0.0068907
476 0.0083327 0.019007 0.010675 -0.006329 0.00022673 0.009121 0.0081375 0.0076513 0.0060412
477 0.0074686 0.017523 0.010054 -0.0051731 0.00067244 0.0086439 0.0075761 0.00705 0.0052789
478 0.0066949 0.016139 0.0094444 -0.0041167 0.0010852 0.0081945 0.0070489 0.0064916 0.0045997
479 0.006007 0.014846 0.0088389 -0.0031601 0.0014607 0.0077646 0.0065454 0.0059649 0.0039987
480 0.0053962 0.01365 0.008254 -0.0022963 0.001803 0.0073609 0.0060802 0.005484 0.0034691
481 0.0048554 0.01254 0.0076842 -0.0015236 0.0021096 0.0069762 0.0056428 0.0050376 0.0030047
482 0.0043787 0.011502 0.0071238 -0.00083873 0.0023793 0.0066036 0.0052228 0.0046156 0.0025985
483 0.0039571 0.010545 0.0065883 -0.00023397 0.0026177 0.0062518 0.0048353 0.0042313 0.0022452
484 0.0035849 0.0096561 0.0060712 0.00029466 0.0028246 0.0059146 0.00447 0.0038741 0.0019383
485 0.0032569 0.0088234 0.0055664 0.00075145 0.0030002 0.0055871 0.0041191 0.0035357 0.0016714
486 0.0029667 0.0080551 0.0050884 0.0011444 0.0031505 0.0052783 0.0037957 0.0032277 0.0014415
487 0.0027048 0.0073243 0.0046196 0.0014984 0.0032779 0.0049691 0.0034767 0.0029286 0.0012402
488 0.0024622 0.0066375 0.0041752 0.0018351 0.003388 0.0046617 0.0031689 0.0026443 0.0010645
489 0.0022462 0.0059934 0.0037472 0.0021169 0.003474 0.0043654 0.0028753 0.0023759 0.00091147
490 0.0020533 0.0053941 0.0033408 0.002347 0.0035394 0.0040847 0.0026016 0.0021282 0.00077934
491 0.0018805 0.004842 0.0029615 0.0025302 0.0035874 0.0038235 0.0023524 0.0019048 0.00066633
492 0.0017261 0.0043222 0.0025961 0.0026672 0.0036163 0.0035739 0.0021164 0.0016948 0.00056806
493 0.0015868 0.0038381 0.0022512 0.0027653 0.0036292 0.0033387 0.0018975 0.0015015 0.00048348
494 0.001461 0.0033877 0.0019268 0.002828 0.0036269 0.0031174 0.0016949 0.0013241 0.00041081
495 0.0013464 0.0029686 0.0016222 0.0028603 0.0036102 0.0029088 0.0015074 0.0011612 0.0003485
496 0.0012427 0.0025824 0.0013398 0.0028628 0.0035799 0.002714 0.0013355 0.0010129 0.00029546
497 0.0011475 0.0022309 0.0010834 0.0028417 0.0035372 0.0025339 0.0011813 0.00088121 0.0002512
498 0.0010602 0.0019017 0.00084149 0.002799 0.0034803 0.0023612 0.001036 0.00075781 0.0002129
499 0.00097997 0.0016014 0.00062141 0.0027365 0.0034104 0.0021993 0.00090351 0.00064619 0.00018073
